addr1_packet_ctrl, addr1_bytes_ctrl, addr1_packet, addr1_bytes, addr1_pkt_len_min, addr1_pkt_len_max, addr1_pkt_len_avg,addr1_pkt_len_var, addr1_pkt_len_mom2, addr2_packet_ctrl, addr2_bytes_ctrl, addr2_packet, addr2_bytes, addr2_pkt_len_min, addr2_pkt_len_max, addr2_pkt_len_avg,addr2_pkt_len_var, addr2_pkt_len_mom2, addra_packet_ctrl, addra_bytes_ctrl, addra_packet, addra_bytes, addra_pkt_len_min, addra_pkt_len_max, addra_pkt_len_avg,addra_pkt_len_var, addra_pkt_len_mom2 
2, 104, 0, 0, 0, 0, 0, 0, 0, 2, 104, 0, 0, 0, 0, 0, 0, 0, 4, 208, 0, 0, 0, 0, 0, 0, 0
19, 988, 7, 3324, 72, 1612, 474.85714285714283, 273483.55102040817, 498972.85714285716, 9, 492, 8, 2390, 83, 707, 298.75, 31315.4375, 120567.0, 28, 1480, 15, 5714, 72, 1612, 380.93333333333334, 111585.00945179585, 297156.4
5, 268, 5, 1409, 72, 651, 281.8, 64645.36000000001, 144056.6, 3, 164, 4, 1194, 164, 665, 298.5, 44909.25, 134011.5, 8, 432, 9, 2603, 72, 665, 289.22222222222223, 52566.071005917154, 139592.11111111112
19, 1012, 32, 10220, 81, 2151, 319.375, 150153.734375, 252154.125, 17, 900, 34, 27920, 83, 3338, 821.1764705882352, 719088.0276816608, 1393418.8235294118, 36, 1912, 66, 38140, 81, 3338, 577.8787878787879, 591821.76, 840078.3636363636
36, 1904, 33, 11608, 72, 1436, 351.75757575757575, 102719.51698806245, 226452.9090909091, 20, 1056, 48, 14305, 83, 1440, 298.0208333333333, 110671.97873263888, 199488.39583333334, 56, 2960, 81, 25913, 72, 1440, 319.91358024691357, 109187.35676942489, 210473.93827160494
22, 1160, 26, 6731, 83, 645, 258.88461538461536, 46209.563609467456, 113230.80769230769, 18, 968, 32, 25312, 83, 8420, 791.0, 2282736.375, 2908417.375, 40, 2128, 58, 32043, 83, 8420, 552.4655172413793, 1694796.067283951, 1655402.7068965517
166, 8664, 31, 16253, 73, 1816, 524.2903225806451, 187254.46409989597, 462134.8064516129, 21, 1132, 269, 2739872, 83, 23220, 10185.397769516729, 52366603.34735563, 156108931.07063198, 187, 9796, 300, 2756125, 73, 23220, 9187.083333333334, 54331889.168386556, 140025428.79
86, 4480, 8, 4894, 103, 1558, 611.75, 170771.9375, 545010.0, 6, 320, 96, 781489, 103, 23220, 8140.510416666667, 36011050.24989149, 102278960.09375, 92, 4800, 104, 786383, 103, 23220, 7561.375, 36754036.8804, 94453271.625
157, 8188, 14, 7818, 79, 1220, 558.4285714285714, 67476.67346938775, 379319.14285714284, 2, 112, 219, 1862530, 87, 23220, 8504.703196347033, 42238737.67903089, 114568714.1369863, 159, 8300, 233, 1870348, 79, 23220, 8027.244635193133, 42827736.699408725, 107707548.7725322
6, 320, 4, 1885, 178, 569, 471.25, 28665.1875, 250741.75, 4, 232, 2, 5412, 1264, 4148, 2706.0, 2079364.0, 9401800.0, 10, 552, 6, 7297, 178, 4148, 1216.1666666666667, 2302541.484375, 3301094.5
3, 156, 7, 5598, 178, 1967, 799.7142857142857, 457213.9183673468, 1096756.857142857, 0, 0, 7, 18707, 103, 5518, 2672.4285714285716, 6228508.530612244, 13370383.0, 3, 156, 14, 24305, 103, 5518, 1736.0714285714287, 5084090.058956916, 7233569.928571428
47, 2444, 5, 3874, 576, 1567, 774.8, 156895.36, 757210.4, 3, 156, 79, 649739, 294, 23220, 8224.54430379747, 42796861.134113126, 110439990.1392405, 50, 2600, 84, 653613, 294, 23220, 7781.107142857143, 43139079.25093154, 103911253.25
57, 2964, 10, 3930, 87, 1251, 393.0, 112077.6, 266526.6, 6, 312, 117, 1039405, 83, 23220, 8883.803418803418, 45005094.2263131, 123927057.41025642, 63, 3276, 127, 1043335, 83, 23220, 8215.236220472441, 45998785.39371136, 114190007.74015749
4, 208, 4, 1298, 91, 680, 324.5, 61964.25, 167264.5, 3, 156, 8, 1461, 83, 634, 182.625, 29839.484375, 63191.375, 7, 364, 12, 2759, 83, 680, 229.91666666666666, 39485.0, 97882.41666666667
12, 624, 5, 3664, 577, 1231, 732.8, 64394.56000000001, 601390.4, 0, 0, 27, 199633, 301, 19326, 7393.814814814815, 32137540.29903979, 86806037.81481482, 12, 624, 32, 203297, 301, 19326, 6353.03125, 32860919.777650107, 73336561.65625
45, 2340, 4, 2426, 576, 698, 606.5, 2790.75, 370633.0, 0, 0, 133, 1161594, 217, 23220, 8733.78947368421, 39590976.00079145, 115870054.57142857, 45, 2340, 137, 1164020, 217, 23220, 8496.496350364963, 39968547.681261994, 112497808.68613139
0, 0, 0, 0, 0, 0, 0, 0, 0, 0, 0, 0, 0, 0, 0, 0, 0, 0, 0, 0, 0, 0, 0, 0, 0, 0, 0
35, 1820, 3, 1728, 575, 577, 576.0, 0.6666666666666666, 331776.6666666667, 0, 0, 47, 395724, 229, 20595, 8419.659574468085, 30894297.16070621, 101784964.5106383, 35, 1820, 50, 397452, 229, 20595, 7949.04, 31782727.860771593, 95697773.24
37, 1924, 5, 3631, 575, 1218, 726.2, 62337.36, 589703.8, 2, 104, 103, 1011969, 101, 23220, 9824.941747572815, 54348152.28786879, 150877632.63106796, 39, 2028, 108, 1015600, 101, 23220, 9403.703703703704, 54977050.553446695, 143919858.14814815
7, 364, 3, 1728, 576, 576, 576.0, 0.0, 331776.0, 0, 0, 19, 133248, 301, 14532, 7013.0526315789475, 16796330.997229923, 65979238.21052632, 7, 364, 22, 134976, 301, 14532, 6135.272727272727, 18377363.119571682, 57027311.54545455
2, 104, 1, 798, 798, 798, 798.0, 0.0, 636804.0, 0, 0, 8, 66336, 2257, 16465, 8292.0, 28300458.0, 97057722.0, 2, 104, 9, 67134, 798, 16465, 7459.333333333333, 29744931.321799308, 86344286.66666667
30, 1560, 4, 2470, 575, 689, 617.5, 2226.75, 383533.0, 2, 104, 65, 513057, 87, 17428, 7893.184615384615, 34452437.16591716, 96754800.53846154, 32, 1664, 69, 515527, 87, 17428, 7471.405797101449, 34957070.28358209, 91168060.39130434
35, 1820, 3, 1727, 575, 576, 575.6666666666666, 0.2222222222222222, 331392.3333333333, 1, 52, 110, 946296, 131, 18876, 8602.690909090908, 41576562.99537189, 115582853.87272727, 36, 1872, 113, 948023, 131, 18876, 8389.58407079646, 41872389.123167574, 112523080.55752212
6, 312, 1, 576, 576, 576, 576.0, 0.0, 331776.0, 0, 0, 17, 133156, 401, 17428, 7832.705882352941, 42025271.38408305, 103376552.8235294, 6, 312, 18, 133732, 401, 17428, 7429.555555555556, 42286126.91918369, 97651843.0
0, 0, 0, 0, 0, 0, 0, 0, 0, 0, 0, 0, 0, 0, 0, 0, 0, 0, 0, 0, 0, 0, 0, 0, 0, 0, 0
16, 832, 2, 1150, 575, 575, 575.0, 0.0, 330625.0, 0, 0, 42, 347208, 229, 20566, 8266.857142857143, 45563833.69387754, 113904760.71428572, 16, 832, 44, 348358, 229, 20566, 7917.227272727273, 45848133.929691724, 108742300.0
61, 3172, 12, 6367, 91, 1251, 530.5833333333334, 71620.74305555556, 353139.4166666667, 3, 156, 141, 1274910, 87, 24475, 9041.91489361702, 52905372.0211257, 134661596.96453902, 64, 3328, 153, 1281277, 87, 24475, 8374.359477124182, 53585052.27022305, 124127600.29411764
3, 156, 5, 973, 87, 437, 194.6, 19408.640000000003, 57277.8, 5, 260, 7, 1302, 83, 487, 186.0, 21267.714285714286, 55863.71428571428, 8, 416, 12, 2275, 83, 487, 189.58333333333334, 20792.825484764544, 56452.916666666664
2, 104, 1, 91, 91, 91, 91.0, 0.0, 8281.0, 1, 52, 4, 422, 83, 125, 105.5, 350.75, 11481.0, 3, 156, 5, 513, 83, 125, 102.6, 332.54320987654324, 10841.0
33, 1716, 4, 2307, 576, 577, 576.75, 0.1875, 332640.75, 5, 260, 67, 618105, 76, 23220, 9225.44776119403, 55901510.993539765, 141010397.3880597, 38, 1976, 71, 620412, 76, 23220, 8738.197183098591, 56386448.58774418, 133084889.97183098
80, 4160, 2, 1153, 576, 577, 576.5, 0.25, 332352.5, 0, 0, 132, 1291155, 131, 26116, 9781.477272727272, 54206183.825241044, 149883481.46212122, 80, 4160, 134, 1292308, 131, 26116, 9644.089552238805, 54430908.21071005, 147651375.0597015
0, 0, 0, 0, 0, 0, 0, 0, 0, 0, 0, 0, 0, 0, 0, 0, 0, 0, 0, 0, 0, 0, 0, 0, 0, 0, 0
24, 1248, 3, 1731, 577, 577, 577.0, 0.0, 332929.0, 0, 0, 27, 199349, 294, 17428, 7383.2962962962965, 28407134.801097397, 82920199.0, 24, 1248, 30, 201080, 294, 17428, 6702.666666666667, 29221889.6091105, 74661472.0
60, 3120, 2, 1154, 577, 577, 577.0, 0.0, 332929.0, 2, 104, 135, 1285623, 83, 23220, 9523.133333333333, 40675808.87111111, 131365877.35555555, 62, 3224, 137, 1286777, 83, 23220, 9392.532846715329, 40960875.14013841, 129452987.59854014
0, 0, 0, 0, 0, 0, 0, 0, 0, 0, 0, 0, 0, 0, 0, 0, 0, 0, 0, 0, 0, 0, 0, 0, 0, 0, 0
0, 0, 0, 0, 0, 0, 0, 0, 0, 0, 0, 0, 0, 0, 0, 0, 0, 0, 0, 0, 0, 0, 0, 0, 0, 0, 0
0, 0, 0, 0, 0, 0, 0, 0, 0, 0, 0, 0, 0, 0, 0, 0, 0, 0, 0, 0, 0, 0, 0, 0, 0, 0, 0
0, 0, 0, 0, 0, 0, 0, 0, 0, 0, 0, 0, 0, 0, 0, 0, 0, 0, 0, 0, 0, 0, 0, 0, 0, 0, 0
0, 0, 0, 0, 0, 0, 0, 0, 0, 0, 0, 0, 0, 0, 0, 0, 0, 0, 0, 0, 0, 0, 0, 0, 0, 0, 0
0, 0, 0, 0, 0, 0, 0, 0, 0, 0, 0, 0, 0, 0, 0, 0, 0, 0, 0, 0, 0, 0, 0, 0, 0, 0, 0
0, 0, 0, 0, 0, 0, 0, 0, 0, 0, 0, 0, 0, 0, 0, 0, 0, 0, 0, 0, 0, 0, 0, 0, 0, 0, 0
0, 0, 0, 0, 0, 0, 0, 0, 0, 0, 0, 0, 0, 0, 0, 0, 0, 0, 0, 0, 0, 0, 0, 0, 0, 0, 0
0, 0, 0, 0, 0, 0, 0, 0, 0, 0, 0, 0, 0, 0, 0, 0, 0, 0, 0, 0, 0, 0, 0, 0, 0, 0, 0
11, 548, 1, 577, 577, 577, 577.0, 0.0, 332929.0, 2, 104, 8, 66413, 83, 17670, 8301.625, 53407629.984375, 122324607.625, 13, 652, 9, 66990, 83, 17670, 7443.333333333333, 53569524.768166095, 108769976.66666667
20, 1016, 1, 577, 577, 577, 577.0, 0.0, 332929.0, 2, 104, 55, 390168, 83, 20324, 7093.963636363636, 37954726.79867768, 88279046.87272727, 22, 1120, 56, 390745, 83, 20324, 6977.589285714285, 37991965.25168412, 86708580.48214285
0, 0, 0, 0, 0, 0, 0, 0, 0, 0, 0, 0, 0, 0, 0, 0, 0, 0, 0, 0, 0, 0, 0, 0, 0, 0, 0
0, 0, 0, 0, 0, 0, 0, 0, 0, 0, 0, 0, 0, 0, 0, 0, 0, 0, 0, 0, 0, 0, 0, 0, 0, 0, 0
0, 0, 0, 0, 0, 0, 0, 0, 0, 0, 0, 0, 0, 0, 0, 0, 0, 0, 0, 0, 0, 0, 0, 0, 0, 0, 0
0, 0, 0, 0, 0, 0, 0, 0, 0, 0, 0, 0, 0, 0, 0, 0, 0, 0, 0, 0, 0, 0, 0, 0, 0, 0, 0
0, 0, 0, 0, 0, 0, 0, 0, 0, 0, 0, 0, 0, 0, 0, 0, 0, 0, 0, 0, 0, 0, 0, 0, 0, 0, 0
0, 0, 0, 0, 0, 0, 0, 0, 0, 0, 0, 0, 0, 0, 0, 0, 0, 0, 0, 0, 0, 0, 0, 0, 0, 0, 0
0, 0, 0, 0, 0, 0, 0, 0, 0, 0, 0, 0, 0, 0, 0, 0, 0, 0, 0, 0, 0, 0, 0, 0, 0, 0, 0
0, 0, 0, 0, 0, 0, 0, 0, 0, 0, 0, 0, 0, 0, 0, 0, 0, 0, 0, 0, 0, 0, 0, 0, 0, 0, 0
0, 0, 0, 0, 0, 0, 0, 0, 0, 0, 0, 0, 0, 0, 0, 0, 0, 0, 0, 0, 0, 0, 0, 0, 0, 0, 0
1, 52, 0, 0, 0, 0, 0, 0, 0, 0, 0, 1, 83, 83, 83, 83.0, 0.0, 6889.0, 1, 52, 1, 83, 83, 83, 83.0, 0.0, 6889.0
5, 260, 2, 1154, 577, 577, 577.0, 0.0, 332929.0, 0, 0, 6, 66529, 2349, 22008, 11088.166666666666, 51249752.47222223, 174197192.5, 5, 260, 8, 67683, 577, 22008, 8460.375, 57457088.816326536, 130731126.625
19, 988, 0, 0, 0, 0, 0, 0, 0, 0, 0, 58, 618590, 180, 27564, 10665.344827586207, 71882892.9845422, 185632473.27586207, 19, 988, 58, 618590, 180, 27564, 10665.344827586207, 71882892.98454222, 185632473.27586207
0, 0, 0, 0, 0, 0, 0, 0, 0, 0, 0, 0, 0, 0, 0, 0, 0, 0, 0, 0, 0, 0, 0, 0, 0, 0, 0
0, 0, 0, 0, 0, 0, 0, 0, 0, 0, 0, 0, 0, 0, 0, 0, 0, 0, 0, 0, 0, 0, 0, 0, 0, 0, 0
0, 0, 0, 0, 0, 0, 0, 0, 0, 0, 0, 0, 0, 0, 0, 0, 0, 0, 0, 0, 0, 0, 0, 0, 0, 0, 0
2, 104, 2, 730, 91, 639, 365.0, 75076.0, 208301.0, 1, 52, 2, 422, 91, 331, 211.0, 14400.0, 58921.0, 3, 156, 4, 1152, 91, 639, 288.0, 39895.555555555555, 133611.0
0, 0, 0, 0, 0, 0, 0, 0, 0, 0, 0, 0, 0, 0, 0, 0, 0, 0, 0, 0, 0, 0, 0, 0, 0, 0, 0
3, 172, 1, 570, 570, 570, 570.0, 0.0, 324900.0, 1, 60, 0, 0, 0, 0, 0, 0, 0, 4, 232, 1, 570, 570, 570, 570.0, 0.0, 324900.0
2, 104, 3, 1519, 103, 846, 506.3333333333333, 94034.88888888888, 350408.3333333333, 1, 60, 1, 189, 189, 189, 189.0, 0.0, 35721.0, 3, 164, 4, 1708, 103, 846, 427.0, 80589.04, 271736.5
2, 104, 1, 103, 103, 103, 103.0, 0.0, 10609.0, 1, 52, 2, 490, 189, 301, 245.0, 3136.0, 63161.0, 3, 156, 3, 593, 103, 301, 197.66666666666666, 5735.039999999999, 45643.666666666664
0, 0, 0, 0, 0, 0, 0, 0, 0, 1, 52, 0, 0, 0, 0, 0, 0, 0, 1, 52, 0, 0, 0, 0, 0, 0, 0
2, 104, 1, 577, 577, 577, 577.0, 0.0, 332929.0, 0, 0, 9, 66309, 2204, 16465, 7367.666666666667, 32166222.888888888, 86448735.0, 2, 104, 10, 66886, 577, 16465, 6688.6, 32772534.61495845, 77837154.4
32, 1664, 1, 577, 577, 577, 577.0, 0.0, 332929.0, 0, 0, 120, 1174790, 131, 23220, 9789.916666666666, 44920637.42638889, 140763105.76666668, 32, 1664, 121, 1175367, 131, 23220, 9713.776859504133, 45084973.5504554, 139602525.79338843
0, 0, 0, 0, 0, 0, 0, 0, 0, 0, 0, 0, 0, 0, 0, 0, 0, 0, 0, 0, 0, 0, 0, 0, 0, 0, 0
1, 52, 0, 0, 0, 0, 0, 0, 0, 1, 52, 0, 0, 0, 0, 0, 0, 0, 2, 104, 0, 0, 0, 0, 0, 0, 0
0, 0, 0, 0, 0, 0, 0, 0, 0, 0, 0, 0, 0, 0, 0, 0, 0, 0, 0, 0, 0, 0, 0, 0, 0, 0, 0
0, 0, 0, 0, 0, 0, 0, 0, 0, 0, 0, 0, 0, 0, 0, 0, 0, 0, 0, 0, 0, 0, 0, 0, 0, 0, 0
0, 0, 0, 0, 0, 0, 0, 0, 0, 0, 0, 0, 0, 0, 0, 0, 0, 0, 0, 0, 0, 0, 0, 0, 0, 0, 0
0, 0, 0, 0, 0, 0, 0, 0, 0, 0, 0, 0, 0, 0, 0, 0, 0, 0, 0, 0, 0, 0, 0, 0, 0, 0, 0
0, 0, 0, 0, 0, 0, 0, 0, 0, 0, 0, 0, 0, 0, 0, 0, 0, 0, 0, 0, 0, 0, 0, 0, 0, 0, 0
0, 0, 0, 0, 0, 0, 0, 0, 0, 0, 0, 0, 0, 0, 0, 0, 0, 0, 0, 0, 0, 0, 0, 0, 0, 0, 0
0, 0, 0, 0, 0, 0, 0, 0, 0, 0, 0, 0, 0, 0, 0, 0, 0, 0, 0, 0, 0, 0, 0, 0, 0, 0, 0
2, 104, 1, 577, 577, 577, 577.0, 0.0, 332929.0, 0, 0, 9, 66370, 2119, 16494, 7374.444444444444, 30131208.02469136, 84513638.8888889, 2, 104, 10, 66947, 577, 16494, 6694.7, 30849217.900277007, 76095567.9
46, 2392, 1, 577, 577, 577, 577.0, 0.0, 332929.0, 0, 0, 120, 1150859, 537, 25667, 9590.491666666667, 44324132.08326389, 136301662.49166667, 46, 2392, 121, 1151436, 537, 25667, 9516.0, 44475923.7510029, 135177953.95041323
0, 0, 0, 0, 0, 0, 0, 0, 0, 0, 0, 0, 0, 0, 0, 0, 0, 0, 0, 0, 0, 0, 0, 0, 0, 0, 0
0, 0, 0, 0, 0, 0, 0, 0, 0, 0, 0, 0, 0, 0, 0, 0, 0, 0, 0, 0, 0, 0, 0, 0, 0, 0, 0
0, 0, 0, 0, 0, 0, 0, 0, 0, 0, 0, 0, 0, 0, 0, 0, 0, 0, 0, 0, 0, 0, 0, 0, 0, 0, 0
0, 0, 0, 0, 0, 0, 0, 0, 0, 0, 0, 0, 0, 0, 0, 0, 0, 0, 0, 0, 0, 0, 0, 0, 0, 0, 0
0, 0, 0, 0, 0, 0, 0, 0, 0, 0, 0, 0, 0, 0, 0, 0, 0, 0, 0, 0, 0, 0, 0, 0, 0, 0, 0
0, 0, 0, 0, 0, 0, 0, 0, 0, 0, 0, 0, 0, 0, 0, 0, 0, 0, 0, 0, 0, 0, 0, 0, 0, 0, 0
0, 0, 0, 0, 0, 0, 0, 0, 0, 0, 0, 0, 0, 0, 0, 0, 0, 0, 0, 0, 0, 0, 0, 0, 0, 0, 0
3, 156, 0, 0, 0, 0, 0, 0, 0, 2, 104, 1, 83, 83, 83, 83.0, 0.0, 6889.0, 5, 260, 1, 83, 83, 83, 83.0, 0.0, 6889.0
1, 52, 0, 0, 0, 0, 0, 0, 0, 1, 52, 2, 376, 83, 293, 188.0, 11025.0, 46369.0, 2, 104, 2, 376, 83, 293, 188.0, 11025.0, 46369.0
31, 1612, 1, 577, 577, 577, 577.0, 0.0, 332929.0, 0, 0, 101, 1044446, 373, 23220, 10341.049504950495, 38841610.205470055, 145778915.06930694, 31, 1612, 102, 1045023, 373, 23220, 10245.323529411764, 39117597.46555364, 144352974.02941176
3, 156, 1, 577, 577, 577, 577.0, 0.0, 332929.0, 1, 52, 9, 66261, 2337, 14532, 7362.333333333333, 23179924.666666664, 77383876.77777778, 4, 208, 10, 66838, 577, 14532, 6683.8, 24255589.218836565, 69678782.0
0, 0, 0, 0, 0, 0, 0, 0, 0, 0, 0, 0, 0, 0, 0, 0, 0, 0, 0, 0, 0, 0, 0, 0, 0, 0, 0
1, 52, 0, 0, 0, 0, 0, 0, 0, 1, 52, 0, 0, 0, 0, 0, 0, 0, 2, 104, 0, 0, 0, 0, 0, 0, 0
0, 0, 0, 0, 0, 0, 0, 0, 0, 0, 0, 0, 0, 0, 0, 0, 0, 0, 0, 0, 0, 0, 0, 0, 0, 0, 0
0, 0, 0, 0, 0, 0, 0, 0, 0, 0, 0, 0, 0, 0, 0, 0, 0, 0, 0, 0, 0, 0, 0, 0, 0, 0, 0
0, 0, 0, 0, 0, 0, 0, 0, 0, 0, 0, 0, 0, 0, 0, 0, 0, 0, 0, 0, 0, 0, 0, 0, 0, 0, 0
0, 0, 0, 0, 0, 0, 0, 0, 0, 0, 0, 0, 0, 0, 0, 0, 0, 0, 0, 0, 0, 0, 0, 0, 0, 0, 0
0, 0, 0, 0, 0, 0, 0, 0, 0, 0, 0, 0, 0, 0, 0, 0, 0, 0, 0, 0, 0, 0, 0, 0, 0, 0, 0
0, 0, 0, 0, 0, 0, 0, 0, 0, 0, 0, 0, 0, 0, 0, 0, 0, 0, 0, 0, 0, 0, 0, 0, 0, 0, 0
0, 0, 0, 0, 0, 0, 0, 0, 0, 0, 0, 0, 0, 0, 0, 0, 0, 0, 0, 0, 0, 0, 0, 0, 0, 0, 0
41, 2132, 1, 577, 577, 577, 577.0, 0.0, 332929.0, 0, 0, 117, 1140789, 566, 23220, 9750.333333333334, 46791709.65811965, 141860709.76923078, 41, 2132, 118, 1141366, 566, 23220, 9672.593220338984, 46949157.52829335, 140661321.79661018
3, 156, 1, 577, 577, 577, 577.0, 0.0, 332929.0, 0, 0, 9, 66662, 2337, 17670, 7406.888888888889, 33768443.20987654, 88630446.22222222, 3, 156, 10, 67239, 577, 17670, 6723.9, 34317064.98060941, 79800694.5
0, 0, 0, 0, 0, 0, 0, 0, 0, 0, 0, 0, 0, 0, 0, 0, 0, 0, 0, 0, 0, 0, 0, 0, 0, 0, 0
0, 0, 0, 0, 0, 0, 0, 0, 0, 0, 0, 0, 0, 0, 0, 0, 0, 0, 0, 0, 0, 0, 0, 0, 0, 0, 0
1, 60, 0, 0, 0, 0, 0, 0, 0, 0, 0, 0, 0, 0, 0, 0, 0, 0, 1, 60, 0, 0, 0, 0, 0, 0, 0
2, 112, 1, 570, 570, 570, 570.0, 0.0, 324900.0, 1, 60, 0, 0, 0, 0, 0, 0, 0, 3, 172, 1, 570, 570, 570, 570.0, 0.0, 324900.0
2, 104, 3, 1462, 103, 789, 487.3333333333333, 81849.55555555556, 319343.3333333333, 1, 60, 1, 189, 189, 189, 189.0, 0.0, 35721.0, 3, 164, 4, 1651, 103, 789, 412.75, 70470.4, 248437.75
2, 104, 1, 103, 103, 103, 103.0, 0.0, 10609.0, 2, 104, 2, 490, 189, 301, 245.0, 3136.0, 63161.0, 4, 208, 3, 593, 103, 301, 197.66666666666666, 5735.039999999999, 45643.666666666664
0, 0, 0, 0, 0, 0, 0, 0, 0, 0, 0, 0, 0, 0, 0, 0, 0, 0, 0, 0, 0, 0, 0, 0, 0, 0, 0
0, 0, 0, 0, 0, 0, 0, 0, 0, 0, 0, 0, 0, 0, 0, 0, 0, 0, 0, 0, 0, 0, 0, 0, 0, 0, 0
0, 0, 0, 0, 0, 0, 0, 0, 0, 0, 0, 0, 0, 0, 0, 0, 0, 0, 0, 0, 0, 0, 0, 0, 0, 0, 0
0, 0, 0, 0, 0, 0, 0, 0, 0, 0, 0, 0, 0, 0, 0, 0, 0, 0, 0, 0, 0, 0, 0, 0, 0, 0, 0
44, 2288, 2, 1154, 577, 577, 577.0, 0.0, 332929.0, 0, 0, 131, 1232818, 373, 18876, 9410.824427480917, 41207016.266884215, 129770632.67175573, 44, 2288, 133, 1233972, 373, 18876, 9277.984962406015, 41481548.48272498, 127824201.03759399
0, 0, 0, 0, 0, 0, 0, 0, 0, 0, 0, 0, 0, 0, 0, 0, 0, 0, 0, 0, 0, 0, 0, 0, 0, 0, 0
0, 0, 0, 0, 0, 0, 0, 0, 0, 0, 0, 0, 0, 0, 0, 0, 0, 0, 0, 0, 0, 0, 0, 0, 0, 0, 0
0, 0, 0, 0, 0, 0, 0, 0, 0, 0, 0, 0, 0, 0, 0, 0, 0, 0, 0, 0, 0, 0, 0, 0, 0, 0, 0
0, 0, 0, 0, 0, 0, 0, 0, 0, 0, 0, 0, 0, 0, 0, 0, 0, 0, 0, 0, 0, 0, 0, 0, 0, 0, 0
2, 104, 2, 730, 91, 639, 365.0, 75076.0, 208301.0, 1, 52, 2, 422, 91, 331, 211.0, 14400.0, 58921.0, 3, 156, 4, 1152, 91, 639, 288.0, 39895.555555555555, 133611.0
0, 0, 0, 0, 0, 0, 0, 0, 0, 0, 0, 0, 0, 0, 0, 0, 0, 0, 0, 0, 0, 0, 0, 0, 0, 0, 0
0, 0, 0, 0, 0, 0, 0, 0, 0, 0, 0, 0, 0, 0, 0, 0, 0, 0, 0, 0, 0, 0, 0, 0, 0, 0, 0
0, 0, 0, 0, 0, 0, 0, 0, 0, 0, 0, 0, 0, 0, 0, 0, 0, 0, 0, 0, 0, 0, 0, 0, 0, 0, 0
0, 0, 0, 0, 0, 0, 0, 0, 0, 0, 0, 0, 0, 0, 0, 0, 0, 0, 0, 0, 0, 0, 0, 0, 0, 0, 0
2, 104, 1, 577, 577, 577, 577.0, 0.0, 332929.0, 0, 0, 10, 66293, 2021, 17428, 6629.3, 26598481.01, 70546099.5, 2, 104, 11, 66870, 577, 17428, 6079.090909090909, 26993126.37188208, 64163084.0
45, 2340, 1, 577, 577, 577, 577.0, 0.0, 332929.0, 0, 0, 123, 1174820, 373, 23220, 9551.382113821139, 44173974.1222817, 135402874.40650406, 45, 2340, 124, 1175397, 373, 23220, 9479.008064516129, 44319882.98549394, 134313600.6532258
0, 0, 0, 0, 0, 0, 0, 0, 0, 0, 0, 0, 0, 0, 0, 0, 0, 0, 0, 0, 0, 0, 0, 0, 0, 0, 0
0, 0, 0, 0, 0, 0, 0, 0, 0, 0, 0, 0, 0, 0, 0, 0, 0, 0, 0, 0, 0, 0, 0, 0, 0, 0, 0
0, 0, 0, 0, 0, 0, 0, 0, 0, 0, 0, 0, 0, 0, 0, 0, 0, 0, 0, 0, 0, 0, 0, 0, 0, 0, 0
0, 0, 0, 0, 0, 0, 0, 0, 0, 0, 0, 0, 0, 0, 0, 0, 0, 0, 0, 0, 0, 0, 0, 0, 0, 0, 0
0, 0, 0, 0, 0, 0, 0, 0, 0, 0, 0, 0, 0, 0, 0, 0, 0, 0, 0, 0, 0, 0, 0, 0, 0, 0, 0
2, 104, 0, 0, 0, 0, 0, 0, 0, 1, 52, 1, 83, 83, 83, 83.0, 0.0, 6889.0, 3, 156, 1, 83, 83, 83, 83.0, 0.0, 6889.0
1, 52, 0, 0, 0, 0, 0, 0, 0, 1, 52, 2, 376, 83, 293, 188.0, 11025.0, 46369.0, 2, 104, 2, 376, 83, 293, 188.0, 11025.0, 46369.0
0, 0, 0, 0, 0, 0, 0, 0, 0, 0, 0, 0, 0, 0, 0, 0, 0, 0, 0, 0, 0, 0, 0, 0, 0, 0, 0
10, 520, 0, 0, 0, 0, 0, 0, 0, 9, 468, 0, 0, 0, 0, 0, 0, 0, 19, 988, 0, 0, 0, 0, 0, 0, 0
5, 260, 1, 577, 577, 577, 577.0, 0.0, 332929.0, 2, 104, 9, 66480, 2338, 18769, 7386.666666666667, 25945018.0, 80507862.44444445, 7, 364, 10, 67057, 577, 18769, 6705.7, 26891646.08864266, 72490369.1
40, 2080, 1, 577, 577, 577, 577.0, 0.0, 332929.0, 1, 52, 116, 1140443, 180, 22143, 9831.405172413793, 41419309.72376634, 138075837.38793105, 41, 2132, 117, 1141020, 180, 22143, 9752.307692307691, 41607537.768792935, 136898547.57264957
0, 0, 0, 0, 0, 0, 0, 0, 0, 1, 52, 0, 0, 0, 0, 0, 0, 0, 1, 52, 0, 0, 0, 0, 0, 0, 0
0, 0, 0, 0, 0, 0, 0, 0, 0, 0, 0, 0, 0, 0, 0, 0, 0, 0, 0, 0, 0, 0, 0, 0, 0, 0, 0
0, 0, 0, 0, 0, 0, 0, 0, 0, 0, 0, 0, 0, 0, 0, 0, 0, 0, 0, 0, 0, 0, 0, 0, 0, 0, 0
2, 104, 0, 0, 0, 0, 0, 0, 0, 2, 104, 1, 76, 76, 76, 76.0, 0.0, 5776.0, 4, 208, 1, 76, 76, 76, 76.0, 0.0, 5776.0
0, 0, 0, 0, 0, 0, 0, 0, 0, 0, 0, 0, 0, 0, 0, 0, 0, 0, 0, 0, 0, 0, 0, 0, 0, 0, 0
0, 0, 0, 0, 0, 0, 0, 0, 0, 0, 0, 0, 0, 0, 0, 0, 0, 0, 0, 0, 0, 0, 0, 0, 0, 0, 0
0, 0, 0, 0, 0, 0, 0, 0, 0, 0, 0, 0, 0, 0, 0, 0, 0, 0, 0, 0, 0, 0, 0, 0, 0, 0, 0
0, 0, 0, 0, 0, 0, 0, 0, 0, 0, 0, 0, 0, 0, 0, 0, 0, 0, 0, 0, 0, 0, 0, 0, 0, 0, 0
0, 0, 0, 0, 0, 0, 0, 0, 0, 0, 0, 0, 0, 0, 0, 0, 0, 0, 0, 0, 0, 0, 0, 0, 0, 0, 0
0, 0, 0, 0, 0, 0, 0, 0, 0, 0, 0, 0, 0, 0, 0, 0, 0, 0, 0, 0, 0, 0, 0, 0, 0, 0, 0
2, 104, 1, 577, 577, 577, 577.0, 0.0, 332929.0, 0, 0, 8, 66535, 2339, 17670, 8316.875, 30792925.609375, 99963335.375, 2, 104, 9, 67112, 577, 17670, 7456.888888888889, 32298153.653979238, 88893290.22222222
37, 1932, 1, 577, 577, 577, 577.0, 0.0, 332929.0, 0, 0, 89, 1067602, 2346, 20324, 11995.52808988764, 41878450.54134579, 185771144.69662923, 37, 1932, 90, 1068179, 577, 20324, 11868.655555555555, 42368818.90871071, 183710720.07777777
4, 216, 2, 1140, 570, 570, 570.0, 0.0, 324900.0, 2, 120, 1, 189, 189, 189, 189.0, 0.0, 35721.0, 6, 336, 3, 1329, 189, 570, 443.0, 36290.25, 228507.0
2, 104, 3, 994, 103, 788, 331.3333333333333, 104272.22222222223, 214054.0, 1, 52, 2, 490, 189, 301, 245.0, 3136.0, 63161.0, 3, 156, 5, 1484, 103, 788, 296.8, 48305.42857142857, 153696.8
0, 0, 0, 0, 0, 0, 0, 0, 0, 1, 52, 0, 0, 0, 0, 0, 0, 0, 1, 52, 0, 0, 0, 0, 0, 0, 0
0, 0, 0, 0, 0, 0, 0, 0, 0, 0, 0, 0, 0, 0, 0, 0, 0, 0, 0, 0, 0, 0, 0, 0, 0, 0, 0
0, 0, 0, 0, 0, 0, 0, 0, 0, 0, 0, 0, 0, 0, 0, 0, 0, 0, 0, 0, 0, 0, 0, 0, 0, 0, 0
3, 156, 0, 0, 0, 0, 0, 0, 0, 2, 104, 1, 83, 83, 83, 83.0, 0.0, 6889.0, 5, 260, 1, 83, 83, 83, 83.0, 0.0, 6889.0
1, 52, 0, 0, 0, 0, 0, 0, 0, 1, 52, 0, 0, 0, 0, 0, 0, 0, 2, 104, 0, 0, 0, 0, 0, 0, 0
0, 0, 0, 0, 0, 0, 0, 0, 0, 0, 0, 0, 0, 0, 0, 0, 0, 0, 0, 0, 0, 0, 0, 0, 0, 0, 0
3, 156, 0, 0, 0, 0, 0, 0, 0, 3, 156, 0, 0, 0, 0, 0, 0, 0, 6, 312, 0, 0, 0, 0, 0, 0, 0
44, 2288, 2, 1154, 577, 577, 577.0, 0.0, 332929.0, 0, 0, 115, 1209324, 180, 20324, 10515.860869565216, 41250784.10238185, 151834113.9304348, 44, 2288, 117, 1210478, 180, 20324, 10345.965811965812, 41739392.8206748, 149244350.08547008
0, 0, 0, 0, 0, 0, 0, 0, 0, 0, 0, 0, 0, 0, 0, 0, 0, 0, 0, 0, 0, 0, 0, 0, 0, 0, 0
0, 0, 0, 0, 0, 0, 0, 0, 0, 0, 0, 0, 0, 0, 0, 0, 0, 0, 0, 0, 0, 0, 0, 0, 0, 0, 0
0, 0, 0, 0, 0, 0, 0, 0, 0, 0, 0, 0, 0, 0, 0, 0, 0, 0, 0, 0, 0, 0, 0, 0, 0, 0, 0
0, 0, 0, 0, 0, 0, 0, 0, 0, 0, 0, 0, 0, 0, 0, 0, 0, 0, 0, 0, 0, 0, 0, 0, 0, 0, 0
0, 0, 0, 0, 0, 0, 0, 0, 0, 0, 0, 0, 0, 0, 0, 0, 0, 0, 0, 0, 0, 0, 0, 0, 0, 0, 0
0, 0, 0, 0, 0, 0, 0, 0, 0, 0, 0, 0, 0, 0, 0, 0, 0, 0, 0, 0, 0, 0, 0, 0, 0, 0, 0
0, 0, 0, 0, 0, 0, 0, 0, 0, 0, 0, 0, 0, 0, 0, 0, 0, 0, 0, 0, 0, 0, 0, 0, 0, 0, 0
0, 0, 0, 0, 0, 0, 0, 0, 0, 0, 0, 0, 0, 0, 0, 0, 0, 0, 0, 0, 0, 0, 0, 0, 0, 0, 0
0, 0, 0, 0, 0, 0, 0, 0, 0, 0, 0, 0, 0, 0, 0, 0, 0, 0, 0, 0, 0, 0, 0, 0, 0, 0, 0
0, 0, 0, 0, 0, 0, 0, 0, 0, 0, 0, 0, 0, 0, 0, 0, 0, 0, 0, 0, 0, 0, 0, 0, 0, 0, 0
32, 1664, 2, 1154, 577, 577, 577.0, 0.0, 332929.0, 0, 0, 99, 1222984, 1500, 29012, 12353.373737373737, 59540773.466381, 212146616.16161618, 32, 1664, 101, 1224138, 577, 29012, 12120.178217821782, 60318327.21789999, 207952285.72277227
0, 0, 0, 0, 0, 0, 0, 0, 0, 0, 0, 0, 0, 0, 0, 0, 0, 0, 0, 0, 0, 0, 0, 0, 0, 0, 0
0, 0, 0, 0, 0, 0, 0, 0, 0, 0, 0, 0, 0, 0, 0, 0, 0, 0, 0, 0, 0, 0, 0, 0, 0, 0, 0
0, 0, 0, 0, 0, 0, 0, 0, 0, 0, 0, 0, 0, 0, 0, 0, 0, 0, 0, 0, 0, 0, 0, 0, 0, 0, 0
3, 156, 0, 0, 0, 0, 0, 0, 0, 2, 104, 3, 459, 83, 293, 153.0, 9800.0, 33209.0, 5, 260, 3, 459, 83, 293, 153.0, 9800.0, 33209.0
2, 104, 2, 730, 91, 639, 365.0, 75076.0, 208301.0, 1, 52, 2, 422, 91, 331, 211.0, 14400.0, 58921.0, 3, 156, 4, 1152, 91, 639, 288.0, 39895.555555555555, 133611.0
0, 0, 0, 0, 0, 0, 0, 0, 0, 0, 0, 0, 0, 0, 0, 0, 0, 0, 0, 0, 0, 0, 0, 0, 0, 0, 0
0, 0, 0, 0, 0, 0, 0, 0, 0, 0, 0, 0, 0, 0, 0, 0, 0, 0, 0, 0, 0, 0, 0, 0, 0, 0, 0
1, 52, 0, 0, 0, 0, 0, 0, 0, 0, 0, 1, 83, 83, 83, 83.0, 0.0, 6889.0, 1, 52, 1, 83, 83, 83, 83.0, 0.0, 6889.0
0, 0, 0, 0, 0, 0, 0, 0, 0, 0, 0, 0, 0, 0, 0, 0, 0, 0, 0, 0, 0, 0, 0, 0, 0, 0, 0
0, 0, 0, 0, 0, 0, 0, 0, 0, 0, 0, 0, 0, 0, 0, 0, 0, 0, 0, 0, 0, 0, 0, 0, 0, 0, 0
59, 3076, 9, 5690, 72, 2948, 632.2222222222222, 721031.950617284, 1120736.888888889, 6, 320, 137, 1233142, 122, 23220, 9001.036496350365, 57436384.96947093, 138455042.97810218, 65, 3396, 146, 1238832, 72, 23220, 8485.150684931506, 57789209.539237596, 129989229.5890411
1, 52, 1, 1226, 1226, 1226, 1226.0, 0.0, 1503076.0, 1, 52, 1, 346, 346, 346, 346.0, 0.0, 119716.0, 2, 104, 2, 1572, 346, 1226, 786.0, 172088.8888888889, 811396.0
0, 0, 0, 0, 0, 0, 0, 0, 0, 0, 0, 0, 0, 0, 0, 0, 0, 0, 0, 0, 0, 0, 0, 0, 0, 0, 0
0, 0, 0, 0, 0, 0, 0, 0, 0, 0, 0, 0, 0, 0, 0, 0, 0, 0, 0, 0, 0, 0, 0, 0, 0, 0, 0
0, 0, 0, 0, 0, 0, 0, 0, 0, 0, 0, 0, 0, 0, 0, 0, 0, 0, 0, 0, 0, 0, 0, 0, 0, 0, 0
0, 0, 0, 0, 0, 0, 0, 0, 0, 0, 0, 0, 0, 0, 0, 0, 0, 0, 0, 0, 0, 0, 0, 0, 0, 0, 0
0, 0, 0, 0, 0, 0, 0, 0, 0, 0, 0, 0, 0, 0, 0, 0, 0, 0, 0, 0, 0, 0, 0, 0, 0, 0, 0
0, 0, 0, 0, 0, 0, 0, 0, 0, 0, 0, 0, 0, 0, 0, 0, 0, 0, 0, 0, 0, 0, 0, 0, 0, 0, 0
0, 0, 0, 0, 0, 0, 0, 0, 0, 0, 0, 0, 0, 0, 0, 0, 0, 0, 0, 0, 0, 0, 0, 0, 0, 0, 0
0, 0, 0, 0, 0, 0, 0, 0, 0, 0, 0, 0, 0, 0, 0, 0, 0, 0, 0, 0, 0, 0, 0, 0, 0, 0, 0
5, 276, 3, 1968, 570, 701, 656.0, 3700.6666666666665, 434036.6666666667, 1, 60, 2, 508, 217, 291, 254.0, 1369.0, 65885.0, 6, 336, 5, 2476, 217, 701, 495.2, 41944.775510204076, 286776.0
2, 104, 2, 748, 178, 570, 374.0, 38416.0, 178292.0, 1, 60, 1, 5518, 5518, 5518, 5518.0, 0.0, 30448324.0, 3, 164, 3, 6266, 178, 5518, 2088.6666666666665, 6634392.0, 10268302.666666666
69, 3588, 4, 2120, 178, 788, 530.0, 48721.5, 329621.5, 0, 0, 150, 1215741, 294, 23220, 8104.94, 43120037.4964, 108810089.9, 69, 3588, 154, 1217861, 178, 23220, 7908.188311688312, 43298371.756189406, 105992415.39610389
2, 104, 0, 0, 0, 0, 0, 0, 0, 0, 0, 2, 611, 301, 310, 305.5, 20.25, 93350.5, 2, 104, 2, 611, 301, 310, 305.5, 20.25, 93350.5
0, 0, 0, 0, 0, 0, 0, 0, 0, 0, 0, 0, 0, 0, 0, 0, 0, 0, 0, 0, 0, 0, 0, 0, 0, 0, 0
0, 0, 0, 0, 0, 0, 0, 0, 0, 0, 0, 0, 0, 0, 0, 0, 0, 0, 0, 0, 0, 0, 0, 0, 0, 0, 0
0, 0, 0, 0, 0, 0, 0, 0, 0, 0, 0, 0, 0, 0, 0, 0, 0, 0, 0, 0, 0, 0, 0, 0, 0, 0, 0
0, 0, 0, 0, 0, 0, 0, 0, 0, 0, 0, 0, 0, 0, 0, 0, 0, 0, 0, 0, 0, 0, 0, 0, 0, 0, 0
0, 0, 1, 157, 157, 157, 157.0, 0.0, 24649.0, 0, 0, 0, 0, 0, 0, 0, 0, 0, 0, 0, 1, 157, 157, 157, 157.0, 0.0, 24649.0
0, 0, 0, 0, 0, 0, 0, 0, 0, 0, 0, 0, 0, 0, 0, 0, 0, 0, 0, 0, 0, 0, 0, 0, 0, 0, 0
2, 104, 0, 0, 0, 0, 0, 0, 0, 1, 52, 1, 83, 83, 83, 83.0, 0.0, 6889.0, 3, 156, 1, 83, 83, 83, 83.0, 0.0, 6889.0
0, 0, 1, 157, 157, 157, 157.0, 0.0, 24649.0, 0, 0, 0, 0, 0, 0, 0, 0, 0, 0, 0, 1, 157, 157, 157, 157.0, 0.0, 24649.0
0, 0, 0, 0, 0, 0, 0, 0, 0, 0, 0, 0, 0, 0, 0, 0, 0, 0, 0, 0, 0, 0, 0, 0, 0, 0, 0
64, 3328, 2, 1154, 577, 577, 577.0, 0.0, 332929.0, 0, 0, 135, 1223448, 180, 23220, 9062.577777777778, 43414850.96987655, 125545166.94814815, 64, 3328, 137, 1224602, 180, 23220, 8938.700729927008, 43621179.870620675, 123717251.06569344
0, 0, 1, 172, 172, 172, 172.0, 0.0, 29584.0, 0, 0, 0, 0, 0, 0, 0, 0, 0, 0, 0, 1, 172, 172, 172, 172.0, 0.0, 29584.0
0, 0, 0, 0, 0, 0, 0, 0, 0, 0, 0, 0, 0, 0, 0, 0, 0, 0, 0, 0, 0, 0, 0, 0, 0, 0, 0
0, 0, 0, 0, 0, 0, 0, 0, 0, 0, 0, 0, 0, 0, 0, 0, 0, 0, 0, 0, 0, 0, 0, 0, 0, 0, 0
0, 0, 1, 172, 172, 172, 172.0, 0.0, 29584.0, 0, 0, 0, 0, 0, 0, 0, 0, 0, 0, 0, 1, 172, 172, 172, 172.0, 0.0, 29584.0
0, 0, 0, 0, 0, 0, 0, 0, 0, 0, 0, 0, 0, 0, 0, 0, 0, 0, 0, 0, 0, 0, 0, 0, 0, 0, 0
0, 0, 1, 157, 157, 157, 157.0, 0.0, 24649.0, 0, 0, 0, 0, 0, 0, 0, 0, 0, 0, 0, 1, 157, 157, 157, 157.0, 0.0, 24649.0
1, 52, 0, 0, 0, 0, 0, 0, 0, 2, 104, 1, 91, 91, 91, 91.0, 0.0, 8281.0, 3, 156, 1, 91, 91, 91, 91.0, 0.0, 8281.0
0, 0, 0, 0, 0, 0, 0, 0, 0, 0, 0, 0, 0, 0, 0, 0, 0, 0, 0, 0, 0, 0, 0, 0, 0, 0, 0
0, 0, 1, 157, 157, 157, 157.0, 0.0, 24649.0, 0, 0, 0, 0, 0, 0, 0, 0, 0, 0, 0, 1, 157, 157, 157, 157.0, 0.0, 24649.0
3, 156, 1, 577, 577, 577, 577.0, 0.0, 332929.0, 0, 0, 7, 66156, 2014, 16465, 9450.857142857143, 31227865.836734693, 120546566.57142857, 3, 156, 8, 66733, 577, 16465, 8341.625, 34045718.19555555, 105519861.875
42, 2184, 1, 577, 577, 577, 577.0, 0.0, 332929.0, 1, 52, 114, 1083697, 276, 23220, 9506.11403508772, 39284581.04839951, 129650785.09649123, 43, 2236, 115, 1084274, 276, 23220, 9428.46956521739, 39459674.2121241, 128526282.0
5, 260, 0, 0, 0, 0, 0, 0, 0, 2, 104, 3, 459, 83, 293, 153.0, 9800.0, 33209.0, 7, 364, 3, 459, 83, 293, 153.0, 9800.0, 33209.0
0, 0, 0, 0, 0, 0, 0, 0, 0, 0, 0, 0, 0, 0, 0, 0, 0, 0, 0, 0, 0, 0, 0, 0, 0, 0, 0
0, 0, 1, 226, 226, 226, 226.0, 0.0, 51076.0, 0, 0, 0, 0, 0, 0, 0, 0, 0, 0, 0, 1, 226, 226, 226, 226.0, 0.0, 51076.0
0, 0, 0, 0, 0, 0, 0, 0, 0, 0, 0, 0, 0, 0, 0, 0, 0, 0, 0, 0, 0, 0, 0, 0, 0, 0, 0
0, 0, 0, 0, 0, 0, 0, 0, 0, 0, 0, 0, 0, 0, 0, 0, 0, 0, 0, 0, 0, 0, 0, 0, 0, 0, 0
1, 52, 0, 0, 0, 0, 0, 0, 0, 1, 52, 0, 0, 0, 0, 0, 0, 0, 2, 104, 0, 0, 0, 0, 0, 0, 0
0, 0, 0, 0, 0, 0, 0, 0, 0, 0, 0, 0, 0, 0, 0, 0, 0, 0, 0, 0, 0, 0, 0, 0, 0, 0, 0
0, 0, 0, 0, 0, 0, 0, 0, 0, 0, 0, 0, 0, 0, 0, 0, 0, 0, 0, 0, 0, 0, 0, 0, 0, 0, 0
0, 0, 0, 0, 0, 0, 0, 0, 0, 0, 0, 0, 0, 0, 0, 0, 0, 0, 0, 0, 0, 0, 0, 0, 0, 0, 0
51, 2652, 2, 1154, 577, 577, 577.0, 0.0, 332929.0, 0, 0, 130, 1266777, 219, 23220, 9744.438461538462, 43113566.70775148, 138067647.63846153, 51, 2652, 132, 1267931, 219, 23220, 9605.537878787878, 43421099.683351785, 135980757.96212122
0, 0, 0, 0, 0, 0, 0, 0, 0, 1, 52, 0, 0, 0, 0, 0, 0, 0, 1, 52, 0, 0, 0, 0, 0, 0, 0
0, 0, 0, 0, 0, 0, 0, 0, 0, 0, 0, 0, 0, 0, 0, 0, 0, 0, 0, 0, 0, 0, 0, 0, 0, 0, 0
0, 0, 0, 0, 0, 0, 0, 0, 0, 0, 0, 0, 0, 0, 0, 0, 0, 0, 0, 0, 0, 0, 0, 0, 0, 0, 0
0, 0, 0, 0, 0, 0, 0, 0, 0, 0, 0, 0, 0, 0, 0, 0, 0, 0, 0, 0, 0, 0, 0, 0, 0, 0, 0
0, 0, 0, 0, 0, 0, 0, 0, 0, 0, 0, 0, 0, 0, 0, 0, 0, 0, 0, 0, 0, 0, 0, 0, 0, 0, 0
2, 104, 2, 730, 91, 639, 365.0, 75076.0, 208301.0, 1, 52, 2, 422, 91, 331, 211.0, 14400.0, 58921.0, 3, 156, 4, 1152, 91, 639, 288.0, 39895.555555555555, 133611.0
1, 60, 0, 0, 0, 0, 0, 0, 0, 0, 0, 0, 0, 0, 0, 0, 0, 0, 1, 60, 0, 0, 0, 0, 0, 0, 0
3, 172, 2, 663, 93, 570, 331.5, 56882.25, 166774.5, 3, 172, 0, 0, 0, 0, 0, 0, 0, 6, 344, 2, 663, 93, 570, 331.5, 56882.25, 166774.5
3, 156, 4, 2594, 103, 1132, 648.5, 139311.25, 559863.5, 2, 112, 2, 262, 73, 189, 131.0, 3364.0, 20525.0, 5, 268, 6, 2856, 73, 1132, 476.0, 138289.1875, 380084.0
3, 156, 1, 103, 103, 103, 103.0, 0.0, 10609.0, 2, 104, 3, 982, 189, 492, 327.3333333333333, 15648.22222222222, 122795.33333333333, 5, 260, 4, 1085, 103, 492, 271.25, 19575.061224489797, 94748.75
2, 104, 2, 909, 332, 577, 454.5, 15006.25, 221576.5, 0, 0, 2, 168, 68, 100, 84.0, 256.0, 7312.0, 2, 104, 4, 1077, 68, 577, 269.25, 35677.25, 114444.25
33, 1716, 1, 577, 577, 577, 577.0, 0.0, 332929.0, 0, 0, 108, 995965, 1500, 17428, 9221.898148148148, 33586294.517403975, 118629699.97222222, 33, 1716, 109, 996542, 577, 17428, 9142.587155963303, 33774329.41115759, 117544408.49541284
1, 52, 1, 104, 104, 104, 104.0, 0.0, 10816.0, 0, 0, 1, 104, 104, 104, 104.0, 0.0, 10816.0, 1, 52, 2, 208, 104, 104, 104.0, 0.0, 10816.0
1, 52, 1, 104, 104, 104, 104.0, 0.0, 10816.0, 1, 52, 2, 240, 104, 136, 120.0, 256.0, 14656.0, 2, 104, 3, 344, 104, 136, 114.66666666666667, 245.76, 13376.0
0, 0, 0, 0, 0, 0, 0, 0, 0, 1, 52, 0, 0, 0, 0, 0, 0, 0, 1, 52, 0, 0, 0, 0, 0, 0, 0
0, 0, 0, 0, 0, 0, 0, 0, 0, 0, 0, 0, 0, 0, 0, 0, 0, 0, 0, 0, 0, 0, 0, 0, 0, 0, 0
0, 0, 0, 0, 0, 0, 0, 0, 0, 0, 0, 0, 0, 0, 0, 0, 0, 0, 0, 0, 0, 0, 0, 0, 0, 0, 0
0, 0, 0, 0, 0, 0, 0, 0, 0, 0, 0, 0, 0, 0, 0, 0, 0, 0, 0, 0, 0, 0, 0, 0, 0, 0, 0
0, 0, 0, 0, 0, 0, 0, 0, 0, 0, 0, 0, 0, 0, 0, 0, 0, 0, 0, 0, 0, 0, 0, 0, 0, 0, 0
0, 0, 0, 0, 0, 0, 0, 0, 0, 0, 0, 0, 0, 0, 0, 0, 0, 0, 0, 0, 0, 0, 0, 0, 0, 0, 0
0, 0, 0, 0, 0, 0, 0, 0, 0, 0, 0, 0, 0, 0, 0, 0, 0, 0, 0, 0, 0, 0, 0, 0, 0, 0, 0
0, 0, 0, 0, 0, 0, 0, 0, 0, 0, 0, 0, 0, 0, 0, 0, 0, 0, 0, 0, 0, 0, 0, 0, 0, 0, 0
67, 3484, 3, 1354, 200, 577, 451.3333333333333, 31584.222222222223, 235286.0, 0, 0, 122, 1254648, 102, 23220, 10284.0, 43164209.63934426, 148924865.63934427, 67, 3484, 125, 1256002, 102, 23220, 10048.016, 43800336.45491648, 145356315.728
0, 0, 0, 0, 0, 0, 0, 0, 0, 0, 0, 0, 0, 0, 0, 0, 0, 0, 0, 0, 0, 0, 0, 0, 0, 0, 0
0, 0, 0, 0, 0, 0, 0, 0, 0, 0, 0, 0, 0, 0, 0, 0, 0, 0, 0, 0, 0, 0, 0, 0, 0, 0, 0
0, 0, 1, 200, 200, 200, 200.0, 0.0, 40000.0, 0, 0, 0, 0, 0, 0, 0, 0, 0, 0, 0, 1, 200, 200, 200, 200.0, 0.0, 40000.0
0, 0, 0, 0, 0, 0, 0, 0, 0, 0, 0, 0, 0, 0, 0, 0, 0, 0, 0, 0, 0, 0, 0, 0, 0, 0, 0
0, 0, 0, 0, 0, 0, 0, 0, 0, 0, 0, 0, 0, 0, 0, 0, 0, 0, 0, 0, 0, 0, 0, 0, 0, 0, 0
0, 0, 1, 200, 200, 200, 200.0, 0.0, 40000.0, 0, 0, 0, 0, 0, 0, 0, 0, 0, 0, 0, 1, 200, 200, 200, 200.0, 0.0, 40000.0
0, 0, 0, 0, 0, 0, 0, 0, 0, 0, 0, 0, 0, 0, 0, 0, 0, 0, 0, 0, 0, 0, 0, 0, 0, 0, 0
0, 0, 0, 0, 0, 0, 0, 0, 0, 0, 0, 0, 0, 0, 0, 0, 0, 0, 0, 0, 0, 0, 0, 0, 0, 0, 0
2, 104, 1, 200, 200, 200, 200.0, 0.0, 40000.0, 1, 52, 1, 83, 83, 83, 83.0, 0.0, 6889.0, 3, 156, 2, 283, 83, 200, 141.5, 3042.0, 23444.5
1, 52, 0, 0, 0, 0, 0, 0, 0, 1, 52, 2, 376, 83, 293, 188.0, 11025.0, 46369.0, 2, 104, 2, 376, 83, 293, 188.0, 11025.0, 46369.0
44, 2288, 2, 1154, 577, 577, 577.0, 0.0, 332929.0, 0, 0, 114, 1085940, 180, 23220, 9525.78947368421, 40238121.09602955, 130978786.19298245, 44, 2288, 116, 1087094, 180, 23220, 9371.5, 40578524.199319474, 128726271.4137931
8, 416, 0, 0, 0, 0, 0, 0, 0, 9, 468, 0, 0, 0, 0, 0, 0, 0, 17, 884, 0, 0, 0, 0, 0, 0, 0
1, 52, 0, 0, 0, 0, 0, 0, 0, 1, 52, 0, 0, 0, 0, 0, 0, 0, 2, 104, 0, 0, 0, 0, 0, 0, 0
0, 0, 0, 0, 0, 0, 0, 0, 0, 0, 0, 0, 0, 0, 0, 0, 0, 0, 0, 0, 0, 0, 0, 0, 0, 0, 0
0, 0, 0, 0, 0, 0, 0, 0, 0, 0, 0, 0, 0, 0, 0, 0, 0, 0, 0, 0, 0, 0, 0, 0, 0, 0, 0
0, 0, 0, 0, 0, 0, 0, 0, 0, 0, 0, 0, 0, 0, 0, 0, 0, 0, 0, 0, 0, 0, 0, 0, 0, 0, 0
0, 0, 0, 0, 0, 0, 0, 0, 0, 0, 0, 0, 0, 0, 0, 0, 0, 0, 0, 0, 0, 0, 0, 0, 0, 0, 0
1, 52, 0, 0, 0, 0, 0, 0, 0, 1, 52, 0, 0, 0, 0, 0, 0, 0, 2, 104, 0, 0, 0, 0, 0, 0, 0
0, 0, 0, 0, 0, 0, 0, 0, 0, 0, 0, 0, 0, 0, 0, 0, 0, 0, 0, 0, 0, 0, 0, 0, 0, 0, 0
0, 0, 0, 0, 0, 0, 0, 0, 0, 0, 0, 0, 0, 0, 0, 0, 0, 0, 0, 0, 0, 0, 0, 0, 0, 0, 0
0, 0, 0, 0, 0, 0, 0, 0, 0, 0, 0, 0, 0, 0, 0, 0, 0, 0, 0, 0, 0, 0, 0, 0, 0, 0, 0
4, 208, 1, 577, 577, 577, 577.0, 0.0, 332929.0, 0, 0, 5, 66453, 2339, 22008, 13290.6, 47950073.84, 224590122.2, 4, 208, 6, 67030, 577, 22008, 11171.666666666666, 56949292.33057851, 187213923.33333334
25, 1300, 1, 577, 577, 577, 577.0, 0.0, 332929.0, 0, 0, 63, 721757, 101, 23220, 11456.460317460318, 55699328.343663394, 186949811.34920636, 25, 1300, 64, 722334, 101, 23220, 11286.46875, 56185401.87934776, 184033922.5625
0, 0, 0, 0, 0, 0, 0, 0, 0, 0, 0, 0, 0, 0, 0, 0, 0, 0, 0, 0, 0, 0, 0, 0, 0, 0, 0
0, 0, 0, 0, 0, 0, 0, 0, 0, 0, 0, 0, 0, 0, 0, 0, 0, 0, 0, 0, 0, 0, 0, 0, 0, 0, 0
1, 60, 0, 0, 0, 0, 0, 0, 0, 0, 0, 0, 0, 0, 0, 0, 0, 0, 1, 60, 0, 0, 0, 0, 0, 0, 0
3, 164, 2, 1140, 570, 570, 570.0, 0.0, 324900.0, 2, 120, 0, 0, 0, 0, 0, 0, 0, 5, 284, 2, 1140, 570, 570, 570.0, 0.0, 324900.0
3, 156, 3, 994, 103, 788, 331.3333333333333, 104272.22222222223, 214054.0, 1, 52, 3, 679, 189, 301, 226.33333333333334, 2787.555555555555, 54014.333333333336, 4, 208, 6, 1673, 103, 788, 278.8333333333333, 39065.77777777778, 134034.16666666666
0, 0, 0, 0, 0, 0, 0, 0, 0, 1, 52, 0, 0, 0, 0, 0, 0, 0, 1, 52, 0, 0, 0, 0, 0, 0, 0
0, 0, 0, 0, 0, 0, 0, 0, 0, 0, 0, 0, 0, 0, 0, 0, 0, 0, 0, 0, 0, 0, 0, 0, 0, 0, 0
0, 0, 0, 0, 0, 0, 0, 0, 0, 0, 0, 0, 0, 0, 0, 0, 0, 0, 0, 0, 0, 0, 0, 0, 0, 0, 0
0, 0, 0, 0, 0, 0, 0, 0, 0, 0, 0, 0, 0, 0, 0, 0, 0, 0, 0, 0, 0, 0, 0, 0, 0, 0, 0
0, 0, 0, 0, 0, 0, 0, 0, 0, 0, 0, 0, 0, 0, 0, 0, 0, 0, 0, 0, 0, 0, 0, 0, 0, 0, 0
18, 936, 2, 1154, 577, 577, 577.0, 0.0, 332929.0, 1, 52, 54, 524872, 566, 23220, 9719.851851851852, 48257617.3484225, 142733137.37037036, 19, 988, 56, 526026, 566, 23220, 9393.32142857143, 48872422.30876032, 137647415.64285713
3, 156, 0, 0, 0, 0, 0, 0, 0, 3, 156, 0, 0, 0, 0, 0, 0, 0, 6, 312, 0, 0, 0, 0, 0, 0, 0
0, 0, 0, 0, 0, 0, 0, 0, 0, 0, 0, 0, 0, 0, 0, 0, 0, 0, 0, 0, 0, 0, 0, 0, 0, 0, 0
0, 0, 0, 0, 0, 0, 0, 0, 0, 0, 0, 0, 0, 0, 0, 0, 0, 0, 0, 0, 0, 0, 0, 0, 0, 0, 0
2, 104, 2, 730, 91, 639, 365.0, 75076.0, 208301.0, 1, 52, 2, 422, 91, 331, 211.0, 14400.0, 58921.0, 3, 156, 4, 1152, 91, 639, 288.0, 39895.555555555555, 133611.0
0, 0, 0, 0, 0, 0, 0, 0, 0, 0, 0, 0, 0, 0, 0, 0, 0, 0, 0, 0, 0, 0, 0, 0, 0, 0, 0
0, 0, 0, 0, 0, 0, 0, 0, 0, 0, 0, 0, 0, 0, 0, 0, 0, 0, 0, 0, 0, 0, 0, 0, 0, 0, 0
0, 0, 0, 0, 0, 0, 0, 0, 0, 0, 0, 0, 0, 0, 0, 0, 0, 0, 0, 0, 0, 0, 0, 0, 0, 0, 0
0, 0, 0, 0, 0, 0, 0, 0, 0, 0, 0, 0, 0, 0, 0, 0, 0, 0, 0, 0, 0, 0, 0, 0, 0, 0, 0
0, 0, 0, 0, 0, 0, 0, 0, 0, 0, 0, 0, 0, 0, 0, 0, 0, 0, 0, 0, 0, 0, 0, 0, 0, 0, 0
5, 260, 1, 577, 577, 577, 577.0, 0.0, 332929.0, 0, 0, 7, 66525, 2339, 17428, 9503.57142857143, 38638348.24489796, 128956218.14285715, 5, 260, 8, 67102, 577, 17428, 8387.75, 41020553.84888889, 112878307.0
36, 1872, 1, 577, 577, 577, 577.0, 0.0, 332929.0, 2, 104, 118, 1138587, 76, 21772, 9649.042372881357, 42486875.32871301, 135590894.04237288, 38, 1976, 119, 1139164, 76, 21772, 9572.806722689076, 42653406.18045542, 134454272.48739496
0, 0, 0, 0, 0, 0, 0, 0, 0, 0, 0, 0, 0, 0, 0, 0, 0, 0, 0, 0, 0, 0, 0, 0, 0, 0, 0
0, 0, 0, 0, 0, 0, 0, 0, 0, 0, 0, 0, 0, 0, 0, 0, 0, 0, 0, 0, 0, 0, 0, 0, 0, 0, 0
0, 0, 1, 157, 157, 157, 157.0, 0.0, 24649.0, 0, 0, 0, 0, 0, 0, 0, 0, 0, 0, 0, 1, 157, 157, 157, 157.0, 0.0, 24649.0
0, 0, 0, 0, 0, 0, 0, 0, 0, 0, 0, 0, 0, 0, 0, 0, 0, 0, 0, 0, 0, 0, 0, 0, 0, 0, 0
0, 0, 0, 0, 0, 0, 0, 0, 0, 0, 0, 0, 0, 0, 0, 0, 0, 0, 0, 0, 0, 0, 0, 0, 0, 0, 0
3, 156, 1, 157, 157, 157, 157.0, 0.0, 24649.0, 2, 104, 3, 459, 83, 293, 153.0, 9800.0, 33209.0, 5, 260, 4, 616, 83, 293, 154.0, 8401.95918367347, 31069.0
0, 0, 0, 0, 0, 0, 0, 0, 0, 0, 0, 0, 0, 0, 0, 0, 0, 0, 0, 0, 0, 0, 0, 0, 0, 0, 0
0, 0, 0, 0, 0, 0, 0, 0, 0, 0, 0, 0, 0, 0, 0, 0, 0, 0, 0, 0, 0, 0, 0, 0, 0, 0, 0
0, 0, 1, 172, 172, 172, 172.0, 0.0, 29584.0, 0, 0, 0, 0, 0, 0, 0, 0, 0, 0, 0, 1, 172, 172, 172, 172.0, 0.0, 29584.0
4, 208, 1, 577, 577, 577, 577.0, 0.0, 332929.0, 0, 0, 7, 66372, 2348, 16707, 9481.714285714286, 32252417.91836735, 122155323.71428572, 4, 208, 8, 66949, 577, 16707, 8368.625, 35036101.66222223, 106927524.375
0, 0, 1, 577, 577, 577, 577.0, 0.0, 332929.0, 1, 52, 0, 0, 0, 0, 0, 0, 0, 1, 52, 1, 577, 577, 577, 577.0, 0.0, 332929.0
41, 2132, 1, 172, 172, 172, 172.0, 0.0, 29584.0, 0, 0, 116, 1209020, 180, 27564, 10422.586206896553, 61998412.53567182, 170628715.77586207, 41, 2132, 117, 1209192, 172, 27564, 10334.97435897436, 62181353.056936026, 169170603.53846154
0, 0, 0, 0, 0, 0, 0, 0, 0, 0, 0, 0, 0, 0, 0, 0, 0, 0, 0, 0, 0, 0, 0, 0, 0, 0, 0
0, 0, 1, 157, 157, 157, 157.0, 0.0, 24649.0, 0, 0, 0, 0, 0, 0, 0, 0, 0, 0, 0, 1, 157, 157, 157, 157.0, 0.0, 24649.0
0, 0, 0, 0, 0, 0, 0, 0, 0, 0, 0, 0, 0, 0, 0, 0, 0, 0, 0, 0, 0, 0, 0, 0, 0, 0, 0
0, 0, 0, 0, 0, 0, 0, 0, 0, 0, 0, 0, 0, 0, 0, 0, 0, 0, 0, 0, 0, 0, 0, 0, 0, 0, 0
0, 0, 1, 157, 157, 157, 157.0, 0.0, 24649.0, 0, 0, 0, 0, 0, 0, 0, 0, 0, 0, 0, 1, 157, 157, 157, 157.0, 0.0, 24649.0
0, 0, 0, 0, 0, 0, 0, 0, 0, 0, 0, 0, 0, 0, 0, 0, 0, 0, 0, 0, 0, 0, 0, 0, 0, 0, 0
0, 0, 0, 0, 0, 0, 0, 0, 0, 0, 0, 0, 0, 0, 0, 0, 0, 0, 0, 0, 0, 0, 0, 0, 0, 0, 0
0, 0, 0, 0, 0, 0, 0, 0, 0, 0, 0, 0, 0, 0, 0, 0, 0, 0, 0, 0, 0, 0, 0, 0, 0, 0, 0
6, 312, 2, 1154, 577, 577, 577.0, 0.0, 332929.0, 0, 0, 31, 184321, 537, 14532, 5945.8387096774195, 16531701.941727366, 51884699.90322581, 6, 312, 33, 185475, 537, 14532, 5620.454545454545, 16887700.80859375, 48760350.15151515
36, 1872, 0, 0, 0, 0, 0, 0, 0, 0, 0, 127, 1066843, 373, 23220, 8400.338582677165, 46011939.32630666, 116577627.62992126, 36, 1872, 127, 1066843, 373, 23220, 8400.338582677165, 46011939.326306656, 116577627.62992126
3, 172, 1, 570, 570, 570, 570.0, 0.0, 324900.0, 1, 60, 0, 0, 0, 0, 0, 0, 0, 4, 232, 1, 570, 570, 570, 570.0, 0.0, 324900.0
2, 104, 4, 1688, 103, 789, 422.0, 74192.5, 252276.5, 1, 60, 1, 189, 189, 189, 189.0, 0.0, 35721.0, 3, 164, 5, 1877, 103, 789, 375.4, 61525.8888888889, 208965.4
2, 104, 1, 103, 103, 103, 103.0, 0.0, 10609.0, 1, 52, 2, 490, 189, 301, 245.0, 3136.0, 63161.0, 3, 156, 3, 593, 103, 301, 197.66666666666666, 5735.039999999999, 45643.666666666664
0, 0, 0, 0, 0, 0, 0, 0, 0, 1, 52, 0, 0, 0, 0, 0, 0, 0, 1, 52, 0, 0, 0, 0, 0, 0, 0
0, 0, 0, 0, 0, 0, 0, 0, 0, 0, 0, 0, 0, 0, 0, 0, 0, 0, 0, 0, 0, 0, 0, 0, 0, 0, 0
0, 0, 0, 0, 0, 0, 0, 0, 0, 0, 0, 0, 0, 0, 0, 0, 0, 0, 0, 0, 0, 0, 0, 0, 0, 0, 0
0, 0, 0, 0, 0, 0, 0, 0, 0, 0, 0, 0, 0, 0, 0, 0, 0, 0, 0, 0, 0, 0, 0, 0, 0, 0, 0
0, 0, 0, 0, 0, 0, 0, 0, 0, 0, 0, 0, 0, 0, 0, 0, 0, 0, 0, 0, 0, 0, 0, 0, 0, 0, 0
0, 0, 0, 0, 0, 0, 0, 0, 0, 0, 0, 0, 0, 0, 0, 0, 0, 0, 0, 0, 0, 0, 0, 0, 0, 0, 0
0, 0, 0, 0, 0, 0, 0, 0, 0, 0, 0, 0, 0, 0, 0, 0, 0, 0, 0, 0, 0, 0, 0, 0, 0, 0, 0
47, 2444, 2, 1154, 577, 577, 577.0, 0.0, 332929.0, 0, 0, 116, 1186752, 160, 23220, 10230.620689655172, 53193695.183709875, 157859294.87931034, 47, 2444, 118, 1187906, 160, 23220, 10067.0, 53528756.56030389, 155189356.47457626
0, 0, 0, 0, 0, 0, 0, 0, 0, 0, 0, 0, 0, 0, 0, 0, 0, 0, 0, 0, 0, 0, 0, 0, 0, 0, 0
0, 0, 0, 0, 0, 0, 0, 0, 0, 0, 0, 0, 0, 0, 0, 0, 0, 0, 0, 0, 0, 0, 0, 0, 0, 0, 0
0, 0, 0, 0, 0, 0, 0, 0, 0, 0, 0, 0, 0, 0, 0, 0, 0, 0, 0, 0, 0, 0, 0, 0, 0, 0, 0
0, 0, 0, 0, 0, 0, 0, 0, 0, 0, 0, 0, 0, 0, 0, 0, 0, 0, 0, 0, 0, 0, 0, 0, 0, 0, 0
0, 0, 0, 0, 0, 0, 0, 0, 0, 0, 0, 0, 0, 0, 0, 0, 0, 0, 0, 0, 0, 0, 0, 0, 0, 0, 0
0, 0, 0, 0, 0, 0, 0, 0, 0, 0, 0, 0, 0, 0, 0, 0, 0, 0, 0, 0, 0, 0, 0, 0, 0, 0, 0
0, 0, 0, 0, 0, 0, 0, 0, 0, 0, 0, 0, 0, 0, 0, 0, 0, 0, 0, 0, 0, 0, 0, 0, 0, 0, 0
0, 0, 0, 0, 0, 0, 0, 0, 0, 0, 0, 0, 0, 0, 0, 0, 0, 0, 0, 0, 0, 0, 0, 0, 0, 0, 0
0, 0, 0, 0, 0, 0, 0, 0, 0, 0, 0, 0, 0, 0, 0, 0, 0, 0, 0, 0, 0, 0, 0, 0, 0, 0, 0
0, 0, 0, 0, 0, 0, 0, 0, 0, 0, 0, 0, 0, 0, 0, 0, 0, 0, 0, 0, 0, 0, 0, 0, 0, 0, 0
50, 2600, 2, 1154, 577, 577, 577.0, 0.0, 332929.0, 0, 0, 167, 1269360, 374, 23220, 7600.958083832335, 52840642.74674604, 110615206.53892216, 50, 2600, 169, 1270514, 374, 23220, 7517.834319526627, 52818033.68618906, 109310090.82840237
0, 0, 0, 0, 0, 0, 0, 0, 0, 0, 0, 0, 0, 0, 0, 0, 0, 0, 0, 0, 0, 0, 0, 0, 0, 0, 0
0, 0, 0, 0, 0, 0, 0, 0, 0, 0, 0, 0, 0, 0, 0, 0, 0, 0, 0, 0, 0, 0, 0, 0, 0, 0, 0
3, 156, 0, 0, 0, 0, 0, 0, 0, 2, 104, 1, 83, 83, 83, 83.0, 0.0, 6889.0, 5, 260, 1, 83, 83, 83, 83.0, 0.0, 6889.0
1, 52, 0, 0, 0, 0, 0, 0, 0, 1, 52, 2, 376, 83, 293, 188.0, 11025.0, 46369.0, 2, 104, 2, 376, 83, 293, 188.0, 11025.0, 46369.0
2, 104, 2, 730, 91, 639, 365.0, 75076.0, 208301.0, 1, 52, 2, 422, 91, 331, 211.0, 14400.0, 58921.0, 3, 156, 4, 1152, 91, 639, 288.0, 39895.555555555555, 133611.0
0, 0, 0, 0, 0, 0, 0, 0, 0, 0, 0, 0, 0, 0, 0, 0, 0, 0, 0, 0, 0, 0, 0, 0, 0, 0, 0
0, 0, 0, 0, 0, 0, 0, 0, 0, 0, 0, 0, 0, 0, 0, 0, 0, 0, 0, 0, 0, 0, 0, 0, 0, 0, 0
0, 0, 0, 0, 0, 0, 0, 0, 0, 0, 0, 0, 0, 0, 0, 0, 0, 0, 0, 0, 0, 0, 0, 0, 0, 0, 0
1, 52, 0, 0, 0, 0, 0, 0, 0, 1, 52, 0, 0, 0, 0, 0, 0, 0, 2, 104, 0, 0, 0, 0, 0, 0, 0
0, 0, 0, 0, 0, 0, 0, 0, 0, 0, 0, 0, 0, 0, 0, 0, 0, 0, 0, 0, 0, 0, 0, 0, 0, 0, 0
2, 104, 1, 577, 577, 577, 577.0, 0.0, 332929.0, 1, 52, 0, 0, 0, 0, 0, 0, 0, 3, 156, 1, 577, 577, 577, 577.0, 0.0, 332929.0
48, 2496, 0, 0, 0, 0, 0, 0, 0, 1, 52, 111, 1152008, 1294, 27564, 10378.450450450451, 43647729.23853584, 151359962.990991, 49, 2548, 111, 1152008, 1294, 27564, 10378.450450450451, 43647729.23853584, 151359962.990991
5, 268, 7, 4201, 72, 2948, 600.1428571428571, 953254.1224489798, 1313425.5714285714, 4, 216, 5, 1267, 122, 346, 253.4, 8422.24, 72633.8, 9, 484, 12, 5468, 72, 2948, 455.6666666666667, 426592.2629757786, 796429.0
0, 0, 0, 0, 0, 0, 0, 0, 0, 0, 0, 0, 0, 0, 0, 0, 0, 0, 0, 0, 0, 0, 0, 0, 0, 0, 0
0, 0, 0, 0, 0, 0, 0, 0, 0, 0, 0, 0, 0, 0, 0, 0, 0, 0, 0, 0, 0, 0, 0, 0, 0, 0, 0
0, 0, 0, 0, 0, 0, 0, 0, 0, 0, 0, 0, 0, 0, 0, 0, 0, 0, 0, 0, 0, 0, 0, 0, 0, 0, 0
0, 0, 0, 0, 0, 0, 0, 0, 0, 0, 0, 0, 0, 0, 0, 0, 0, 0, 0, 0, 0, 0, 0, 0, 0, 0, 0
0, 0, 0, 0, 0, 0, 0, 0, 0, 0, 0, 0, 0, 0, 0, 0, 0, 0, 0, 0, 0, 0, 0, 0, 0, 0, 0
0, 0, 0, 0, 0, 0, 0, 0, 0, 0, 0, 0, 0, 0, 0, 0, 0, 0, 0, 0, 0, 0, 0, 0, 0, 0, 0
1, 60, 0, 0, 0, 0, 0, 0, 0, 0, 0, 0, 0, 0, 0, 0, 0, 0, 1, 60, 0, 0, 0, 0, 0, 0, 0
4, 216, 3, 1970, 570, 702, 656.6666666666666, 3758.2222222222226, 434969.3333333333, 1, 60, 2, 508, 217, 291, 254.0, 1369.0, 65885.0, 5, 276, 5, 2478, 217, 702, 495.6, 42100.816326530614, 287335.6
2, 104, 3, 1462, 103, 789, 487.3333333333333, 81849.55555555556, 319343.3333333333, 1, 60, 1, 189, 189, 189, 189.0, 0.0, 35721.0, 3, 164, 4, 1651, 103, 789, 412.75, 70470.4, 248437.75
65, 3380, 2, 680, 103, 577, 340.0, 56169.0, 171769.0, 3, 156, 180, 1205786, 189, 21772, 6698.811111111111, 44924936.04209877, 89799006.34444444, 68, 3536, 182, 1206466, 103, 21772, 6628.934065934066, 44899202.985714726, 88814091.64835165
0, 0, 0, 0, 0, 0, 0, 0, 0, 0, 0, 0, 0, 0, 0, 0, 0, 0, 0, 0, 0, 0, 0, 0, 0, 0, 0
0, 0, 0, 0, 0, 0, 0, 0, 0, 0, 0, 0, 0, 0, 0, 0, 0, 0, 0, 0, 0, 0, 0, 0, 0, 0, 0
0, 0, 0, 0, 0, 0, 0, 0, 0, 0, 0, 0, 0, 0, 0, 0, 0, 0, 0, 0, 0, 0, 0, 0, 0, 0, 0
0, 0, 0, 0, 0, 0, 0, 0, 0, 0, 0, 0, 0, 0, 0, 0, 0, 0, 0, 0, 0, 0, 0, 0, 0, 0, 0
0, 0, 0, 0, 0, 0, 0, 0, 0, 0, 0, 0, 0, 0, 0, 0, 0, 0, 0, 0, 0, 0, 0, 0, 0, 0, 0
0, 0, 0, 0, 0, 0, 0, 0, 0, 0, 0, 0, 0, 0, 0, 0, 0, 0, 0, 0, 0, 0, 0, 0, 0, 0, 0
0, 0, 0, 0, 0, 0, 0, 0, 0, 0, 0, 0, 0, 0, 0, 0, 0, 0, 0, 0, 0, 0, 0, 0, 0, 0, 0
0, 0, 0, 0, 0, 0, 0, 0, 0, 0, 0, 0, 0, 0, 0, 0, 0, 0, 0, 0, 0, 0, 0, 0, 0, 0, 0
0, 0, 0, 0, 0, 0, 0, 0, 0, 0, 0, 0, 0, 0, 0, 0, 0, 0, 0, 0, 0, 0, 0, 0, 0, 0, 0
42, 2184, 1, 577, 577, 577, 577.0, 0.0, 332929.0, 0, 0, 123, 1190498, 1293, 23220, 9678.845528455284, 41347517.54524423, 135027568.3089431, 42, 2184, 124, 1191075, 577, 23220, 9605.443548387097, 41514159.9554492, 133941321.21774194
0, 0, 0, 0, 0, 0, 0, 0, 0, 0, 0, 0, 0, 0, 0, 0, 0, 0, 0, 0, 0, 0, 0, 0, 0, 0, 0
0, 0, 0, 0, 0, 0, 0, 0, 0, 0, 0, 0, 0, 0, 0, 0, 0, 0, 0, 0, 0, 0, 0, 0, 0, 0, 0
0, 0, 0, 0, 0, 0, 0, 0, 0, 0, 0, 0, 0, 0, 0, 0, 0, 0, 0, 0, 0, 0, 0, 0, 0, 0, 0
0, 0, 0, 0, 0, 0, 0, 0, 0, 0, 0, 0, 0, 0, 0, 0, 0, 0, 0, 0, 0, 0, 0, 0, 0, 0, 0
0, 0, 0, 0, 0, 0, 0, 0, 0, 0, 0, 0, 0, 0, 0, 0, 0, 0, 0, 0, 0, 0, 0, 0, 0, 0, 0
0, 0, 0, 0, 0, 0, 0, 0, 0, 0, 0, 0, 0, 0, 0, 0, 0, 0, 0, 0, 0, 0, 0, 0, 0, 0, 0
0, 0, 0, 0, 0, 0, 0, 0, 0, 0, 0, 0, 0, 0, 0, 0, 0, 0, 0, 0, 0, 0, 0, 0, 0, 0, 0
0, 0, 0, 0, 0, 0, 0, 0, 0, 0, 0, 0, 0, 0, 0, 0, 0, 0, 0, 0, 0, 0, 0, 0, 0, 0, 0
0, 0, 0, 0, 0, 0, 0, 0, 0, 0, 0, 0, 0, 0, 0, 0, 0, 0, 0, 0, 0, 0, 0, 0, 0, 0, 0
0, 0, 0, 0, 0, 0, 0, 0, 0, 0, 0, 0, 0, 0, 0, 0, 0, 0, 0, 0, 0, 0, 0, 0, 0, 0, 0
32, 1664, 1, 577, 577, 577, 577.0, 0.0, 332929.0, 0, 0, 97, 953659, 131, 23220, 9831.536082474227, 51439668.64045063, 148098770.3814433, 32, 1664, 98, 954236, 131, 23220, 9737.102040816326, 51612835.599211045, 146590955.6734694
2, 104, 0, 0, 0, 0, 0, 0, 0, 1, 52, 1, 83, 83, 83, 83.0, 0.0, 6889.0, 3, 156, 1, 83, 83, 83, 83.0, 0.0, 6889.0
1, 52, 0, 0, 0, 0, 0, 0, 0, 1, 52, 2, 376, 83, 293, 188.0, 11025.0, 46369.0, 2, 104, 2, 376, 83, 293, 188.0, 11025.0, 46369.0
0, 0, 0, 0, 0, 0, 0, 0, 0, 0, 0, 0, 0, 0, 0, 0, 0, 0, 0, 0, 0, 0, 0, 0, 0, 0, 0
0, 0, 0, 0, 0, 0, 0, 0, 0, 0, 0, 0, 0, 0, 0, 0, 0, 0, 0, 0, 0, 0, 0, 0, 0, 0, 0
9, 468, 0, 0, 0, 0, 0, 0, 0, 9, 468, 0, 0, 0, 0, 0, 0, 0, 18, 936, 0, 0, 0, 0, 0, 0, 0
0, 0, 0, 0, 0, 0, 0, 0, 0, 0, 0, 0, 0, 0, 0, 0, 0, 0, 0, 0, 0, 0, 0, 0, 0, 0, 0
0, 0, 0, 0, 0, 0, 0, 0, 0, 0, 0, 0, 0, 0, 0, 0, 0, 0, 0, 0, 0, 0, 0, 0, 0, 0, 0
0, 0, 0, 0, 0, 0, 0, 0, 0, 0, 0, 0, 0, 0, 0, 0, 0, 0, 0, 0, 0, 0, 0, 0, 0, 0, 0
0, 0, 0, 0, 0, 0, 0, 0, 0, 0, 0, 0, 0, 0, 0, 0, 0, 0, 0, 0, 0, 0, 0, 0, 0, 0, 0
1, 52, 0, 0, 0, 0, 0, 0, 0, 1, 52, 0, 0, 0, 0, 0, 0, 0, 2, 104, 0, 0, 0, 0, 0, 0, 0
0, 0, 0, 0, 0, 0, 0, 0, 0, 0, 0, 0, 0, 0, 0, 0, 0, 0, 0, 0, 0, 0, 0, 0, 0, 0, 0
21, 1092, 1, 577, 577, 577, 577.0, 0.0, 332929.0, 0, 0, 81, 734815, 294, 18234, 9071.79012345679, 40448239.844840735, 122745615.8888889, 21, 1092, 82, 735392, 294, 18234, 8968.19512195122, 40640083.470962405, 121252778.24390244
0, 0, 0, 0, 0, 0, 0, 0, 0, 1, 52, 0, 0, 0, 0, 0, 0, 0, 1, 52, 0, 0, 0, 0, 0, 0, 0
0, 0, 0, 0, 0, 0, 0, 0, 0, 0, 0, 0, 0, 0, 0, 0, 0, 0, 0, 0, 0, 0, 0, 0, 0, 0, 0
0, 0, 0, 0, 0, 0, 0, 0, 0, 0, 0, 0, 0, 0, 0, 0, 0, 0, 0, 0, 0, 0, 0, 0, 0, 0, 0
2, 104, 2, 730, 91, 639, 365.0, 75076.0, 208301.0, 1, 52, 2, 422, 91, 331, 211.0, 14400.0, 58921.0, 3, 156, 4, 1152, 91, 639, 288.0, 39895.555555555555, 133611.0
0, 0, 0, 0, 0, 0, 0, 0, 0, 0, 0, 0, 0, 0, 0, 0, 0, 0, 0, 0, 0, 0, 0, 0, 0, 0, 0
1, 60, 0, 0, 0, 0, 0, 0, 0, 0, 0, 0, 0, 0, 0, 0, 0, 0, 1, 60, 0, 0, 0, 0, 0, 0, 0
3, 164, 2, 1140, 570, 570, 570.0, 0.0, 324900.0, 2, 120, 0, 0, 0, 0, 0, 0, 0, 5, 284, 2, 1140, 570, 570, 570.0, 0.0, 324900.0
3, 156, 3, 996, 103, 790, 332.0, 104882.0, 215106.0, 1, 52, 3, 679, 189, 301, 226.33333333333334, 2787.555555555555, 54014.333333333336, 4, 208, 6, 1675, 103, 790, 279.1666666666667, 39300.246913580246, 134560.16666666666
0, 0, 0, 0, 0, 0, 0, 0, 0, 1, 52, 0, 0, 0, 0, 0, 0, 0, 1, 52, 0, 0, 0, 0, 0, 0, 0
0, 0, 0, 0, 0, 0, 0, 0, 0, 0, 0, 0, 0, 0, 0, 0, 0, 0, 0, 0, 0, 0, 0, 0, 0, 0, 0
18, 936, 1, 577, 577, 577, 577.0, 0.0, 332929.0, 0, 0, 89, 931437, 131, 20324, 10465.58426966292, 38530366.10806716, 148058820.21348315, 18, 936, 90, 932014, 131, 20324, 10355.711111111112, 38858340.70509659, 146417421.42222223
0, 0, 0, 0, 0, 0, 0, 0, 0, 0, 0, 0, 0, 0, 0, 0, 0, 0, 0, 0, 0, 0, 0, 0, 0, 0, 0
0, 0, 0, 0, 0, 0, 0, 0, 0, 0, 0, 0, 0, 0, 0, 0, 0, 0, 0, 0, 0, 0, 0, 0, 0, 0, 0
0, 0, 0, 0, 0, 0, 0, 0, 0, 0, 0, 0, 0, 0, 0, 0, 0, 0, 0, 0, 0, 0, 0, 0, 0, 0, 0
4, 208, 0, 0, 0, 0, 0, 0, 0, 4, 208, 0, 0, 0, 0, 0, 0, 0, 8, 416, 0, 0, 0, 0, 0, 0, 0
0, 0, 0, 0, 0, 0, 0, 0, 0, 0, 0, 0, 0, 0, 0, 0, 0, 0, 0, 0, 0, 0, 0, 0, 0, 0, 0
0, 0, 0, 0, 0, 0, 0, 0, 0, 0, 0, 0, 0, 0, 0, 0, 0, 0, 0, 0, 0, 0, 0, 0, 0, 0, 0
0, 0, 0, 0, 0, 0, 0, 0, 0, 0, 0, 0, 0, 0, 0, 0, 0, 0, 0, 0, 0, 0, 0, 0, 0, 0, 0
0, 0, 0, 0, 0, 0, 0, 0, 0, 0, 0, 0, 0, 0, 0, 0, 0, 0, 0, 0, 0, 0, 0, 0, 0, 0, 0
0, 0, 0, 0, 0, 0, 0, 0, 0, 0, 0, 0, 0, 0, 0, 0, 0, 0, 0, 0, 0, 0, 0, 0, 0, 0, 0
0, 0, 0, 0, 0, 0, 0, 0, 0, 0, 0, 0, 0, 0, 0, 0, 0, 0, 0, 0, 0, 0, 0, 0, 0, 0, 0
45, 2340, 1, 577, 577, 577, 577.0, 0.0, 332929.0, 0, 0, 105, 1030373, 373, 20566, 9813.076190476191, 39883755.80371882, 136180220.12380952, 45, 2340, 106, 1030950, 373, 20566, 9725.943396226416, 40097106.789515056, 134898641.9056604
0, 0, 0, 0, 0, 0, 0, 0, 0, 0, 0, 0, 0, 0, 0, 0, 0, 0, 0, 0, 0, 0, 0, 0, 0, 0, 0
0, 0, 0, 0, 0, 0, 0, 0, 0, 0, 0, 0, 0, 0, 0, 0, 0, 0, 0, 0, 0, 0, 0, 0, 0, 0, 0
0, 0, 0, 0, 0, 0, 0, 0, 0, 0, 0, 0, 0, 0, 0, 0, 0, 0, 0, 0, 0, 0, 0, 0, 0, 0, 0
0, 0, 0, 0, 0, 0, 0, 0, 0, 0, 0, 0, 0, 0, 0, 0, 0, 0, 0, 0, 0, 0, 0, 0, 0, 0, 0
0, 0, 0, 0, 0, 0, 0, 0, 0, 0, 0, 0, 0, 0, 0, 0, 0, 0, 0, 0, 0, 0, 0, 0, 0, 0, 0
0, 0, 0, 0, 0, 0, 0, 0, 0, 0, 0, 0, 0, 0, 0, 0, 0, 0, 0, 0, 0, 0, 0, 0, 0, 0, 0
0, 0, 0, 0, 0, 0, 0, 0, 0, 0, 0, 0, 0, 0, 0, 0, 0, 0, 0, 0, 0, 0, 0, 0, 0, 0, 0
0, 0, 0, 0, 0, 0, 0, 0, 0, 0, 0, 0, 0, 0, 0, 0, 0, 0, 0, 0, 0, 0, 0, 0, 0, 0, 0
3, 156, 0, 0, 0, 0, 0, 0, 0, 2, 104, 3, 459, 83, 293, 153.0, 9800.0, 33209.0, 5, 260, 3, 459, 83, 293, 153.0, 9800.0, 33209.0
0, 0, 0, 0, 0, 0, 0, 0, 0, 0, 0, 0, 0, 0, 0, 0, 0, 0, 0, 0, 0, 0, 0, 0, 0, 0, 0
0, 0, 0, 0, 0, 0, 0, 0, 0, 0, 0, 0, 0, 0, 0, 0, 0, 0, 0, 0, 0, 0, 0, 0, 0, 0, 0
46, 2392, 1, 577, 577, 577, 577.0, 0.0, 332929.0, 0, 0, 117, 1182011, 373, 23220, 10102.65811965812, 46291439.07969902, 148355140.16239315, 46, 2392, 118, 1182588, 373, 23220, 10021.93220338983, 46478931.0103033, 147100714.6440678
0, 0, 0, 0, 0, 0, 0, 0, 0, 1, 52, 0, 0, 0, 0, 0, 0, 0, 1, 52, 0, 0, 0, 0, 0, 0, 0
0, 0, 0, 0, 0, 0, 0, 0, 0, 0, 0, 0, 0, 0, 0, 0, 0, 0, 0, 0, 0, 0, 0, 0, 0, 0, 0
0, 0, 0, 0, 0, 0, 0, 0, 0, 0, 0, 0, 0, 0, 0, 0, 0, 0, 0, 0, 0, 0, 0, 0, 0, 0, 0
0, 0, 0, 0, 0, 0, 0, 0, 0, 0, 0, 0, 0, 0, 0, 0, 0, 0, 0, 0, 0, 0, 0, 0, 0, 0, 0
0, 0, 0, 0, 0, 0, 0, 0, 0, 0, 0, 0, 0, 0, 0, 0, 0, 0, 0, 0, 0, 0, 0, 0, 0, 0, 0
0, 0, 0, 0, 0, 0, 0, 0, 0, 0, 0, 0, 0, 0, 0, 0, 0, 0, 0, 0, 0, 0, 0, 0, 0, 0, 0
0, 0, 0, 0, 0, 0, 0, 0, 0, 0, 0, 0, 0, 0, 0, 0, 0, 0, 0, 0, 0, 0, 0, 0, 0, 0, 0
0, 0, 0, 0, 0, 0, 0, 0, 0, 0, 0, 0, 0, 0, 0, 0, 0, 0, 0, 0, 0, 0, 0, 0, 0, 0, 0
0, 0, 0, 0, 0, 0, 0, 0, 0, 0, 0, 0, 0, 0, 0, 0, 0, 0, 0, 0, 0, 0, 0, 0, 0, 0, 0
38, 1976, 1, 577, 577, 577, 577.0, 0.0, 332929.0, 0, 0, 112, 1197000, 198, 23220, 10687.5, 46615837.196428575, 160838493.44642857, 38, 1976, 113, 1197577, 198, 23220, 10598.026548672566, 46860957.42806914, 159418090.22123894
0, 0, 0, 0, 0, 0, 0, 0, 0, 0, 0, 0, 0, 0, 0, 0, 0, 0, 0, 0, 0, 0, 0, 0, 0, 0, 0
0, 0, 0, 0, 0, 0, 0, 0, 0, 0, 0, 0, 0, 0, 0, 0, 0, 0, 0, 0, 0, 0, 0, 0, 0, 0, 0
0, 0, 0, 0, 0, 0, 0, 0, 0, 0, 0, 0, 0, 0, 0, 0, 0, 0, 0, 0, 0, 0, 0, 0, 0, 0, 0
3, 172, 1, 570, 570, 570, 570.0, 0.0, 324900.0, 1, 60, 0, 0, 0, 0, 0, 0, 0, 4, 232, 1, 570, 570, 570, 570.0, 0.0, 324900.0
2, 104, 3, 1462, 103, 789, 487.3333333333333, 81849.55555555556, 319343.3333333333, 1, 60, 1, 189, 189, 189, 189.0, 0.0, 35721.0, 3, 164, 4, 1651, 103, 789, 412.75, 70470.4, 248437.75
2, 104, 1, 103, 103, 103, 103.0, 0.0, 10609.0, 1, 52, 2, 490, 189, 301, 245.0, 3136.0, 63161.0, 3, 156, 3, 593, 103, 301, 197.66666666666666, 5735.039999999999, 45643.666666666664
0, 0, 0, 0, 0, 0, 0, 0, 0, 1, 52, 0, 0, 0, 0, 0, 0, 0, 1, 52, 0, 0, 0, 0, 0, 0, 0
0, 0, 0, 0, 0, 0, 0, 0, 0, 0, 0, 0, 0, 0, 0, 0, 0, 0, 0, 0, 0, 0, 0, 0, 0, 0, 0
0, 0, 0, 0, 0, 0, 0, 0, 0, 0, 0, 0, 0, 0, 0, 0, 0, 0, 0, 0, 0, 0, 0, 0, 0, 0, 0
0, 0, 0, 0, 0, 0, 0, 0, 0, 0, 0, 0, 0, 0, 0, 0, 0, 0, 0, 0, 0, 0, 0, 0, 0, 0, 0
57, 2964, 1, 577, 577, 577, 577.0, 0.0, 332929.0, 0, 0, 102, 1154375, 566, 24668, 11317.401960784313, 50589101.063917734, 178672688.20588234, 57, 2964, 103, 1154952, 566, 24668, 11213.126213592233, 50902293.35600238, 176941234.2330097
0, 0, 0, 0, 0, 0, 0, 0, 0, 0, 0, 0, 0, 0, 0, 0, 0, 0, 0, 0, 0, 0, 0, 0, 0, 0, 0
0, 0, 0, 0, 0, 0, 0, 0, 0, 0, 0, 0, 0, 0, 0, 0, 0, 0, 0, 0, 0, 0, 0, 0, 0, 0, 0
0, 0, 0, 0, 0, 0, 0, 0, 0, 0, 0, 0, 0, 0, 0, 0, 0, 0, 0, 0, 0, 0, 0, 0, 0, 0, 0
0, 0, 0, 0, 0, 0, 0, 0, 0, 0, 0, 0, 0, 0, 0, 0, 0, 0, 0, 0, 0, 0, 0, 0, 0, 0, 0
2, 104, 2, 730, 91, 639, 365.0, 75076.0, 208301.0, 1, 52, 2, 422, 91, 331, 211.0, 14400.0, 58921.0, 3, 156, 4, 1152, 91, 639, 288.0, 39895.555555555555, 133611.0
0, 0, 0, 0, 0, 0, 0, 0, 0, 0, 0, 0, 0, 0, 0, 0, 0, 0, 0, 0, 0, 0, 0, 0, 0, 0, 0
0, 0, 0, 0, 0, 0, 0, 0, 0, 0, 0, 0, 0, 0, 0, 0, 0, 0, 0, 0, 0, 0, 0, 0, 0, 0, 0
0, 0, 0, 0, 0, 0, 0, 0, 0, 0, 0, 0, 0, 0, 0, 0, 0, 0, 0, 0, 0, 0, 0, 0, 0, 0, 0
0, 0, 0, 0, 0, 0, 0, 0, 0, 0, 0, 0, 0, 0, 0, 0, 0, 0, 0, 0, 0, 0, 0, 0, 0, 0, 0
0, 0, 0, 0, 0, 0, 0, 0, 0, 0, 0, 0, 0, 0, 0, 0, 0, 0, 0, 0, 0, 0, 0, 0, 0, 0, 0
33, 1716, 1, 577, 577, 577, 577.0, 0.0, 332929.0, 0, 0, 102, 916955, 198, 20324, 8989.754901960785, 40528676.75365244, 121344369.9509804, 33, 1716, 103, 917532, 198, 20324, 8908.077669902912, 40674532.98336703, 120169501.59223302
0, 0, 0, 0, 0, 0, 0, 0, 0, 0, 0, 0, 0, 0, 0, 0, 0, 0, 0, 0, 0, 0, 0, 0, 0, 0, 0
3, 164, 0, 0, 0, 0, 0, 0, 0, 3, 164, 1, 76, 76, 76, 76.0, 0.0, 5776.0, 6, 328, 1, 76, 76, 76, 76.0, 0.0, 5776.0
1, 52, 2, 1225, 93, 1132, 612.5, 269880.25, 645036.5, 2, 104, 2, 565, 73, 492, 282.5, 43890.25, 123696.5, 3, 156, 4, 1790, 73, 1132, 447.5, 143420.25, 384366.5
3, 156, 1, 332, 332, 332, 332.0, 0.0, 110224.0, 0, 0, 2, 168, 68, 100, 84.0, 256.0, 7312.0, 3, 156, 3, 500, 68, 332, 166.66666666666666, 10045.44, 41616.0
1, 52, 2, 208, 104, 104, 104.0, 0.0, 10816.0, 0, 0, 2, 240, 104, 136, 120.0, 256.0, 14656.0, 1, 52, 4, 448, 104, 136, 112.0, 227.55555555555554, 12736.0
4, 208, 0, 0, 0, 0, 0, 0, 0, 4, 208, 2, 187, 83, 104, 93.5, 110.25, 8852.5, 8, 416, 2, 187, 83, 104, 93.5, 110.25, 8852.5
1, 52, 0, 0, 0, 0, 0, 0, 0, 1, 52, 2, 376, 83, 293, 188.0, 11025.0, 46369.0, 2, 104, 2, 376, 83, 293, 188.0, 11025.0, 46369.0
0, 0, 0, 0, 0, 0, 0, 0, 0, 0, 0, 0, 0, 0, 0, 0, 0, 0, 0, 0, 0, 0, 0, 0, 0, 0, 0
0, 0, 0, 0, 0, 0, 0, 0, 0, 0, 0, 0, 0, 0, 0, 0, 0, 0, 0, 0, 0, 0, 0, 0, 0, 0, 0
0, 0, 0, 0, 0, 0, 0, 0, 0, 0, 0, 0, 0, 0, 0, 0, 0, 0, 0, 0, 0, 0, 0, 0, 0, 0, 0
0, 0, 0, 0, 0, 0, 0, 0, 0, 0, 0, 0, 0, 0, 0, 0, 0, 0, 0, 0, 0, 0, 0, 0, 0, 0, 0
28, 1456, 1, 577, 577, 577, 577.0, 0.0, 332929.0, 2, 104, 71, 611334, 102, 20324, 8610.338028169013, 35879785.74489189, 110017706.70422535, 30, 1560, 72, 611911, 102, 20324, 8498.763888888889, 36077012.62448041, 108494307.0138889
0, 0, 0, 0, 0, 0, 0, 0, 0, 0, 0, 0, 0, 0, 0, 0, 0, 0, 0, 0, 0, 0, 0, 0, 0, 0, 0
0, 0, 0, 0, 0, 0, 0, 0, 0, 0, 0, 0, 0, 0, 0, 0, 0, 0, 0, 0, 0, 0, 0, 0, 0, 0, 0
0, 0, 0, 0, 0, 0, 0, 0, 0, 0, 0, 0, 0, 0, 0, 0, 0, 0, 0, 0, 0, 0, 0, 0, 0, 0, 0
0, 0, 0, 0, 0, 0, 0, 0, 0, 0, 0, 0, 0, 0, 0, 0, 0, 0, 0, 0, 0, 0, 0, 0, 0, 0, 0
0, 0, 0, 0, 0, 0, 0, 0, 0, 0, 0, 0, 0, 0, 0, 0, 0, 0, 0, 0, 0, 0, 0, 0, 0, 0, 0
0, 0, 0, 0, 0, 0, 0, 0, 0, 0, 0, 0, 0, 0, 0, 0, 0, 0, 0, 0, 0, 0, 0, 0, 0, 0, 0
0, 0, 0, 0, 0, 0, 0, 0, 0, 0, 0, 0, 0, 0, 0, 0, 0, 0, 0, 0, 0, 0, 0, 0, 0, 0, 0
0, 0, 0, 0, 0, 0, 0, 0, 0, 0, 0, 0, 0, 0, 0, 0, 0, 0, 0, 0, 0, 0, 0, 0, 0, 0, 0
0, 0, 0, 0, 0, 0, 0, 0, 0, 0, 0, 0, 0, 0, 0, 0, 0, 0, 0, 0, 0, 0, 0, 0, 0, 0, 0
3, 156, 1, 577, 577, 577, 577.0, 0.0, 332929.0, 0, 0, 7, 66508, 1526, 17428, 9501.142857142857, 42325159.551020406, 132596875.14285715, 3, 156, 8, 67085, 577, 17428, 8385.625, 44458880.29333334, 116063881.875
27, 1412, 1, 577, 577, 577, 577.0, 0.0, 332929.0, 0, 0, 79, 722464, 373, 20324, 9145.113924050633, 37520023.79714789, 121153132.48101266, 27, 1412, 80, 723041, 373, 20324, 9038.0125, 37742859.256912306, 119642879.9375
2, 112, 1, 570, 570, 570, 570.0, 0.0, 324900.0, 1, 60, 0, 0, 0, 0, 0, 0, 0, 3, 172, 1, 570, 570, 570, 570.0, 0.0, 324900.0
2, 104, 3, 1463, 103, 790, 487.6666666666667, 82050.88888888889, 319869.6666666667, 1, 60, 1, 189, 189, 189, 189.0, 0.0, 35721.0, 3, 164, 4, 1652, 103, 790, 413.0, 70638.96, 248832.5
2, 104, 1, 103, 103, 103, 103.0, 0.0, 10609.0, 1, 52, 2, 490, 189, 301, 245.0, 3136.0, 63161.0, 3, 156, 3, 593, 103, 301, 197.66666666666666, 5735.039999999999, 45643.666666666664
0, 0, 0, 0, 0, 0, 0, 0, 0, 1, 52, 0, 0, 0, 0, 0, 0, 0, 1, 52, 0, 0, 0, 0, 0, 0, 0
0, 0, 0, 0, 0, 0, 0, 0, 0, 0, 0, 0, 0, 0, 0, 0, 0, 0, 0, 0, 0, 0, 0, 0, 0, 0, 0
0, 0, 0, 0, 0, 0, 0, 0, 0, 0, 0, 0, 0, 0, 0, 0, 0, 0, 0, 0, 0, 0, 0, 0, 0, 0, 0
0, 0, 0, 0, 0, 0, 0, 0, 0, 0, 0, 0, 0, 0, 0, 0, 0, 0, 0, 0, 0, 0, 0, 0, 0, 0, 0
0, 0, 0, 0, 0, 0, 0, 0, 0, 0, 0, 0, 0, 0, 0, 0, 0, 0, 0, 0, 0, 0, 0, 0, 0, 0, 0
0, 0, 0, 0, 0, 0, 0, 0, 0, 0, 0, 0, 0, 0, 0, 0, 0, 0, 0, 0, 0, 0, 0, 0, 0, 0, 0
3, 156, 1, 577, 577, 577, 577.0, 0.0, 332929.0, 0, 0, 5, 66049, 2339, 16497, 13209.8, 30290525.360000007, 204789341.4, 3, 156, 6, 66626, 577, 16497, 11104.333333333334, 40725902.04958678, 170713272.66666666
14, 728, 1, 577, 577, 577, 577.0, 0.0, 332929.0, 0, 0, 54, 511445, 1500, 17428, 9471.203703703704, 39574978.34739369, 129278677.94444445, 14, 728, 55, 512022, 577, 17428, 9309.49090909091, 39930997.89024492, 126934209.78181818
0, 0, 0, 0, 0, 0, 0, 0, 0, 0, 0, 0, 0, 0, 0, 0, 0, 0, 0, 0, 0, 0, 0, 0, 0, 0, 0
0, 0, 0, 0, 0, 0, 0, 0, 0, 0, 0, 0, 0, 0, 0, 0, 0, 0, 0, 0, 0, 0, 0, 0, 0, 0, 0
0, 0, 0, 0, 0, 0, 0, 0, 0, 0, 0, 0, 0, 0, 0, 0, 0, 0, 0, 0, 0, 0, 0, 0, 0, 0, 0
0, 0, 0, 0, 0, 0, 0, 0, 0, 0, 0, 0, 0, 0, 0, 0, 0, 0, 0, 0, 0, 0, 0, 0, 0, 0, 0
0, 0, 0, 0, 0, 0, 0, 0, 0, 0, 0, 0, 0, 0, 0, 0, 0, 0, 0, 0, 0, 0, 0, 0, 0, 0, 0
0, 0, 0, 0, 0, 0, 0, 0, 0, 0, 0, 0, 0, 0, 0, 0, 0, 0, 0, 0, 0, 0, 0, 0, 0, 0, 0
0, 0, 0, 0, 0, 0, 0, 0, 0, 0, 0, 0, 0, 0, 0, 0, 0, 0, 0, 0, 0, 0, 0, 0, 0, 0, 0
0, 0, 0, 0, 0, 0, 0, 0, 0, 0, 0, 0, 0, 0, 0, 0, 0, 0, 0, 0, 0, 0, 0, 0, 0, 0, 0
0, 0, 0, 0, 0, 0, 0, 0, 0, 0, 0, 0, 0, 0, 0, 0, 0, 0, 0, 0, 0, 0, 0, 0, 0, 0, 0
0, 0, 0, 0, 0, 0, 0, 0, 0, 0, 0, 0, 0, 0, 0, 0, 0, 0, 0, 0, 0, 0, 0, 0, 0, 0, 0
